10 0.0911
11 0.0856
12 0.0784
13 0.0723
14 0.0682
15 0.0629
16 0.0597
17 0.0568
18 0.0533
19 0.0495
20 0.0471
21 0.0446
22 0.0408
23 0.0376
24 0.0359
25 0.0345
26 0.0332
27 0.0328
28 0.0308
29 0.0293
30 0.0291
31 0.0291
32 0.0281
33 0.0272
34 0.0261
35 0.0255
36 0.0246
37 0.0242
38 0.0235
39 0.0231
40 0.0231
41 0.0224
42 0.0222
43 0.0223
44 0.0222
45 0.022
46 0.0213
47 0.0208
48 0.0203
49 0.0204
50 0.0197
51 0.0189
52 0.0183
53 0.0182
54 0.0176
55 0.0168
56 0.0171
57 0.0175
58 0.0173
59 0.0173
60 0.0167
61 0.0165
62 0.016
63 0.0157
64 0.016
65 0.0151
66 0.0146
67 0.0145
68 0.0148
69 0.0144
70 0.014
71 0.0139
72 0.0135
73 0.0134
74 0.0133
75 0.0133
76 0.0131
77 0.0133
78 0.0132
79 0.013
80 0.0124
81 0.0121
82 0.0124
83 0.0124
84 0.0122
85 0.0123
86 0.0118
87 0.0115
88 0.0114
89 0.0111
90 0.011
91 0.0107
92 0.0108
93 0.0109
94 0.011
95 0.0107
96 0.0103
97 0.0105
98 0.0105
99 0.0104
100 0.0102
101 0.0098
102 0.01
103 0.01
104 0.0099
105 0.0102
106 0.0099
107 0.0099
108 0.0098
109 0.0096
110 0.0095
111 0.0095
112 0.0094
113 0.0092
114 0.009
115 0.009
116 0.0088
117 0.0089
118 0.0087
119 0.0083
120 0.008
121 0.008
122 0.0077
123 0.0077
124 0.0077
125 0.0073
126 0.0072
127 0.007
128 0.0069
129 0.0068
130 0.0068
131 0.0068
132 0.0067
133 0.0066
134 0.0066
135 0.0067
136 0.0067
137 0.0065
138 0.0065
139 0.0065
140 0.0063
141 0.0065
142 0.0066
143 0.0066
144 0.0066
145 0.0066
146 0.0067
147 0.0065
148 0.0064
149 0.0063
150 0.0061
151 0.0063
152 0.0062
153 0.0062
154 0.0061
155 0.0061
156 0.0061
157 0.0061
158 0.0062
159 0.0061
160 0.0061
161 0.0061
162 0.0062
163 0.0062
164 0.0057
165 0.0057
166 0.0056
167 0.0054
168 0.0055
169 0.0056
170 0.0055
171 0.0053
172 0.0053
173 0.0055
174 0.0055
175 0.0056
176 0.0055
177 0.0054
178 0.0054
179 0.0053
180 0.0054
181 0.0054
182 0.0054
183 0.0055
184 0.0053
185 0.0053
186 0.0054
187 0.0054
188 0.0054
189 0.0053
190 0.0053
191 0.0052
192 0.0052
193 0.0052
194 0.0053
195 0.0053
196 0.0052
197 0.0051
198 0.0051
199 0.005
200 0.005
201 0.005
202 0.0051
203 0.0051
204 0.0052
205 0.005
206 0.005
207 0.0049
208 0.0048
209 0.0048
210 0.0046
211 0.0045
212 0.0045
213 0.0045
214 0.0043
215 0.0043
216 0.0043
217 0.0043
218 0.0044
219 0.0044
220 0.0044
221 0.0045
222 0.0046
223 0.0046
224 0.0046
225 0.0046
226 0.0045
227 0.0044
228 0.0044
229 0.0043
230 0.0042
231 0.0043
232 0.0043
233 0.0043
234 0.0042
235 0.0041
236 0.0041
237 0.0041
238 0.0041
239 0.0041
240 0.0041
241 0.0041
242 0.0044
243 0.0044
244 0.0044
245 0.0044
246 0.0044
247 0.0045
248 0.0046
249 0.0046
250 0.0046
251 0.0047
252 0.0048
253 0.0049
254 0.0049
255 0.005
256 0.0049
257 0.0048
258 0.0047
259 0.0047
260 0.0047
261 0.0047
262 0.0047
263 0.0047
264 0.0047
265 0.0047
266 0.0047
267 0.0047
268 0.0047
269 0.0047
270 0.0046
271 0.0046
272 0.0045
273 0.0044
274 0.0044
275 0.0044
276 0.0044
277 0.0043
278 0.0043
279 0.0043
280 0.0043
281 0.0043
282 0.0041
283 0.0041
284 0.004
285 0.004
286 0.0039
287 0.0039
288 0.0039
289 0.004
290 0.004
291 0.004
292 0.0039
293 0.0039
294 0.0039
295 0.0039
296 0.0039
297 0.0039
298 0.0039
299 0.0039
300 0.0039
301 0.0039
302 0.0039
303 0.0037
304 0.0037
305 0.0037
306 0.0036
307 0.0036
308 0.0037
309 0.0038
310 0.0037
311 0.0037
312 0.0037
313 0.0037
314 0.0037
315 0.0037
316 0.0037
317 0.0037
318 0.0037
319 0.0037
320 0.0037
321 0.0037
322 0.0037
323 0.0037
324 0.0037
325 0.0036
326 0.0035
327 0.0035
328 0.0036
329 0.0036
330 0.0036
331 0.0036
332 0.0036
333 0.0036
334 0.0036
335 0.0036
336 0.0035
337 0.0035
338 0.0034
339 0.0034
340 0.0034
341 0.0034
342 0.0034
343 0.0034
344 0.0034
345 0.0034
346 0.0033
347 0.0032
348 0.0032
349 0.0032
350 0.0032
351 0.0031
352 0.0031
353 0.0032
354 0.0032
355 0.0032
356 0.0032
357 0.0032
358 0.0032
359 0.0032
360 0.0032
361 0.0031
362 0.0031
363 0.0032
364 0.0032
365 0.0032
366 0.0032
367 0.0031
368 0.0031
369 0.0031
370 0.0031
371 0.0031
372 0.003
373 0.0029
374 0.0029
375 0.0029
376 0.003
377 0.003
378 0.003
379 0.003
380 0.003
381 0.003
382 0.0029
383 0.0029
384 0.0029
385 0.0029
386 0.0029
387 0.0029
388 0.0029
389 0.0028
390 0.0027
391 0.0026
392 0.0026
393 0.0026
394 0.0026
395 0.0026
396 0.0026
397 0.0026
398 0.0026
399 0.0026
400 0.0026
401 0.0027
402 0.0027
403 0.0027
404 0.0026
405 0.0026
406 0.0026
407 0.0026
408 0.0026
409 0.0026
410 0.0026
411 0.0026
412 0.0026
413 0.0026
414 0.0026
415 0.0026
416 0.0026
417 0.0026
418 0.0025
419 0.0025
420 0.0025
421 0.0025
422 0.0025
423 0.0025
424 0.0025
425 0.0026
426 0.0026
427 0.0026
428 0.0026
429 0.0026
430 0.0026
431 0.0026
432 0.0026
433 0.0026
434 0.0026
435 0.0026
436 0.0025
437 0.0025
438 0.0025
439 0.0025
440 0.0025
441 0.0025
442 0.0025
443 0.0024
444 0.0023
445 0.0023
446 0.0023
447 0.0023
448 0.0023
449 0.0023
450 0.0023
451 0.0023
452 0.0023
453 0.0023
454 0.0023
455 0.0023
456 0.0023
457 0.0023
458 0.0023
459 0.0023
460 0.0024
461 0.0023
462 0.0023
463 0.0022
464 0.0023
465 0.0023
466 0.0023
467 0.0023
468 0.0023
469 0.0023
470 0.0024
471 0.0024
472 0.0024
473 0.0024
474 0.0024
475 0.0024
476 0.0024
477 0.0024
478 0.0024
479 0.0024
480 0.0024
481 0.0024
482 0.0024
483 0.0024
484 0.0022
485 0.0021
486 0.0021
487 0.0021
488 0.0021
489 0.0021
490 0.0021
491 0.0021
492 0.0021
493 0.0021
494 0.002
495 0.0019
496 0.0018
497 0.0018
498 0.0018
499 0.0018
500 0.0018
501 0.0018
502 0.0017
503 0.0017
504 0.0017
505 0.0016
506 0.0016
507 0.0015
508 0.0015
509 0.0015
510 0.0015
511 0.0014
512 0.0014
513 0.0014
514 0.0014
515 0.0014
516 0.0014
517 0.0014
518 0.0014
519 0.0014
520 0.0014
521 0.0014
522 0.0014
523 0.0014
524 0.0014
525 0.0014
526 0.0015
527 0.0015
528 0.0016
529 0.0016
530 0.0016
531 0.0016
532 0.0016
533 0.0016
534 0.0016
535 0.0016
536 0.0016
537 0.0016
538 0.0016
539 0.0016
540 0.0016
541 0.0016
542 0.0016
543 0.0016
544 0.0016
545 0.0016
546 0.0016
547 0.0016
548 0.0016
549 0.0016
550 0.0016
551 0.0016
552 0.0016
553 0.0016
554 0.0016
555 0.0016
556 0.0016
557 0.0016
558 0.0016
559 0.0016
560 0.0016
561 0.0016
562 0.0016
563 0.0016
564 0.0016
565 0.0016
566 0.0016
567 0.0016
568 0.0016
569 0.0016
570 0.0017
571 0.0017
572 0.0017
573 0.0017
574 0.0017
575 0.0017
576 0.0017
577 0.0017
578 0.0016
579 0.0016
580 0.0016
581 0.0016
582 0.0016
583 0.0016
584 0.0016
585 0.0016
586 0.0016
587 0.0016
588 0.0016
589 0.0016
590 0.0016
591 0.0016
592 0.0016
593 0.0016
594 0.0016
595 0.0016
596 0.0016
597 0.0016
598 0.0016
599 0.0016
600 0.0016
601 0.0016
602 0.0016
603 0.0016
604 0.0016
605 0.0016
606 0.0016
607 0.0016
608 0.0016
609 0.0016
610 0.0016
611 0.0016
612 0.0016
613 0.0016
614 0.0016
615 0.0016
616 0.0015
617 0.0015
618 0.0014
619 0.0014
620 0.0014
621 0.0014
622 0.0014
623 0.0014
624 0.0014
625 0.0014
626 0.0014
627 0.0014
628 0.0014
629 0.0014
630 0.0014
631 0.0014
632 0.0014
633 0.0014
634 0.0013
635 0.0013
636 0.0013
637 0.0013
638 0.0013
639 0.0013
640 0.0013
641 0.0013
642 0.0013
643 0.0013
644 0.0013
645 0.0013
646 0.0013
647 0.0013
648 0.0013
649 0.0013
650 0.0013
651 0.0013
652 0.0013
653 0.0013
654 0.0013
655 0.0013
656 0.0012
657 0.0012
658 0.0012
659 0.0012
660 0.0012
661 0.0012
662 0.0012
663 0.0012
664 0.0012
665 0.0012
666 0.0012
667 0.0012
668 0.0012
669 0.0012
670 0.0012
671 0.0012
672 0.0012
673 0.0012
674 0.0012
675 0.0012
676 0.0012
677 0.0012
678 0.0012
679 0.0012
680 0.0012
681 0.0012
682 0.0012
683 0.0012
684 0.0012
685 0.0012
686 0.0012
687 0.0012
688 0.0012
689 0.0012
690 0.0012
691 0.0012
692 0.0012
693 0.0012
694 0.0012
695 0.0012
696 0.0012
697 0.0012
698 0.0012
699 0.0012
700 0.0012
701 0.0012
702 0.0012
703 0.0012
704 0.0012
705 0.0012
706 0.0011
707 0.0011
708 0.0011
709 0.0011
710 0.0011
711 0.0011
712 0.0012
713 0.0012
714 0.0012
715 0.0012
716 0.0012
717 0.0012
718 0.0012
719 0.0012
720 0.0012
721 0.0012
722 0.0012
723 0.0012
724 0.0012
725 0.0012
726 0.0011
727 0.0011
728 0.0011
729 0.0011
730 0.0011
731 0.0011
732 0.0011
733 0.0011
734 0.0011
735 0.0011
736 0.0011
737 0.0011
738 0.0011
739 0.0011
740 0.0011
741 0.0011
742 0.0011
743 0.0011
744 0.0011
745 0.0011
746 0.0011
747 0.0011
748 0.0011
749 0.0011
750 0.0011
751 0.0011
752 0.001
753 0.0011
754 0.0011
755 0.0011
756 0.0011
757 0.0011
758 0.0011
759 0.0011
760 0.0011
761 0.0011
762 0.0011
763 0.0011
764 0.0011
765 0.0011
766 0.0011
767 0.0011
768 0.0011
769 0.0011
770 0.0011
771 0.0011
772 0.0011
773 0.0011
774 0.0011
775 0.0011
776 0.0011
777 0.0011
778 0.0011
779 0.0011
780 0.0011
781 0.0011
782 0.0011
783 0.0011
784 0.0011
785 0.0011
786 0.0011
787 0.0011
788 0.0011
789 0.0011
790 0.0011
791 0.0011
792 0.0011
793 0.0011
794 0.0011
795 0.0011
796 0.0011
797 0.0011
798 0.0011
799 0.0011
800 0.0011
801 0.0011
802 0.0011
803 0.001
804 0.001
805 0.001
806 0.001
807 0.001
808 0.001
809 0.001
810 0.001
811 0.001
812 0.001
813 0.001
814 0.001
815 0.001
816 0.001
817 0.001
818 0.001
819 0.0009
820 0.0009
821 0.001
822 0.001
823 0.001
824 0.001
825 0.001
826 0.001
827 0.001
828 0.001
829 0.001
830 0.001
831 0.001
832 0.001
833 0.001
834 0.001
835 0.001
836 0.001
837 0.001
838 0.001
839 0.001
840 0.001
841 0.001
842 0.001
843 0.001
844 0.001
845 0.001
846 0.001
847 0.001
848 0.001
849 0.001
850 0.001
851 0.0009
852 0.0009
853 0.0009
854 0.0009
855 0.0009
856 0.0009
857 0.0009
858 0.0009
859 0.0009
860 0.0009
861 0.0009
862 0.0009
863 0.0009
864 0.0009
865 0.0009
866 0.0009
867 0.0009
868 0.0009
869 0.0009
870 0.0009
871 0.0009
872 0.0009
873 0.0009
874 0.0009
875 0.0009
876 0.0009
877 0.0009
878 0.0009
879 0.0009
880 0.0009
881 0.0009
882 0.0009
883 0.0009
884 0.0009
885 0.0009
886 0.0009
887 0.0009
888 0.0009
889 0.0009
890 0.0009
891 0.0009
892 0.0009
893 0.0009
894 0.0009
895 0.0009
896 0.0009
897 0.0009
898 0.0009
899 0.0009
900 0.0009
901 0.0009
902 0.0009
903 0.0009
904 0.0009
905 0.0009
906 0.0009
907 0.0009
908 0.0009
909 0.0009
910 0.0009
911 0.0009
912 0.0009
913 0.0009
914 0.0009
915 0.0009
916 0.0009
917 0.0009
918 0.0009
919 0.0009
920 0.0008
921 0.0008
922 0.0008
923 0.0008
924 0.0008
925 0.0008
926 0.0008
927 0.0008
928 0.0008
929 0.0007
930 0.0007
931 0.0007
932 0.0007
933 0.0007
934 0.0007
935 0.0007
936 0.0007
937 0.0007
938 0.0007
939 0.0007
940 0.0007
941 0.0006
942 0.0006
943 0.0006
944 0.0006
945 0.0006
946 0.0006
947 0.0006
948 0.0006
949 0.0006
950 0.0006
951 0.0006
952 0.0006
953 0.0006
954 0.0006
955 0.0006
956 0.0006
957 0.0006
958 0.0006
959 0.0006
960 0.0006
961 0.0006
962 0.0006
963 0.0006
964 0.0006
965 0.0006
966 0.0006
967 0.0006
968 0.0006
969 0.0006
970 0.0006
971 0.0006
972 0.0006
973 0.0006
974 0.0006
975 0.0006
976 0.0006
977 0.0006
978 0.0006
979 0.0006
980 0.0006
981 0.0006
982 0.0006
983 0.0006
984 0.0006
985 0.0006
986 0.0006
987 0.0006
988 0.0006
989 0.0006
990 0.0006
991 0.0006
992 0.0006
993 0.0006
994 0.0006
995 0.0006
996 0.0006
997 0.0006
998 0.0006
999 0.0006
