10 0
20 0
30 0.0333333
40 0.025
50 0.02
60 0.0166667
70 0.0142857
80 0.0125
90 0.0111111
100 0.01
110 0.00909091
120 0.00833333
130 0.00769231
140 0.00714286
150 0.00666667
160 0.00625
170 0.0117647
180 0.0111111
190 0.0105263
200 0.01
210 0.00952381
220 0.00909091
230 0.00869565
240 0.00833333
250 0.008
260 0.00769231
270 0.00740741
280 0.00714286
290 0.0103448
300 0.0133333
310 0.0129032
320 0.0125
330 0.0121212
340 0.0117647
350 0.0114286
360 0.0138889
370 0.0135135
380 0.0131579
390 0.0128205
400 0.0125
410 0.0121951
420 0.0119048
430 0.0116279
440 0.0136364
450 0.0133333
460 0.0130435
470 0.012766
480 0.0125
490 0.0122449
500 0.012
510 0.0117647
520 0.0115385
530 0.0113208
540 0.0111111
550 0.0109091
560 0.0125
570 0.0122807
580 0.012069
590 0.0118644
600 0.0116667
610 0.0114754
620 0.0112903
630 0.0111111
640 0.0109375
650 0.0107692
660 0.0106061
670 0.0104478
680 0.0102941
690 0.0115942
700 0.0114286
710 0.0112676
720 0.0111111
730 0.0109589
740 0.0108108
750 0.0106667
760 0.0105263
770 0.0103896
780 0.0102564
790 0.0101266
800 0.01125
810 0.0111111
820 0.0109756
830 0.0108434
840 0.0107143
850 0.0105882
860 0.0104651
870 0.0103448
880 0.0102273
890 0.0101124
900 0.01
910 0.00989011
920 0.00978261
930 0.00967742
940 0.00957447
950 0.00947368
960 0.009375
970 0.00927835
980 0.00918367
990 0.00909091
1000 0.009
1010 0.00891089
1020 0.00882353
1030 0.00873786
1040 0.00865385
1050 0.00857143
1060 0.00849057
1070 0.00934579
1080 0.0101852
1090 0.0100917
1100 0.01
1110 0.00990991
1120 0.00982143
1130 0.00973451
1140 0.00964912
1150 0.00956522
1160 0.00948276
1170 0.00940171
1180 0.00932203
1190 0.0092437
1200 0.00916667
1210 0.00991736
1220 0.00983607
1230 0.0105691
1240 0.0104839
1250 0.0104
1260 0.0103175
1270 0.0110236
1280 0.0109375
1290 0.0108527
1300 0.0107692
1310 0.010687
1320 0.0113636
1330 0.0112782
1340 0.011194
1350 0.0111111
1360 0.0110294
1370 0.0109489
1380 0.0108696
1390 0.0107914
1400 0.0107143
1410 0.0106383
1420 0.0105634
1430 0.0104895
1440 0.0104167
1450 0.0103448
1460 0.010274
1470 0.0108844
1480 0.0108108
1490 0.0107383
1500 0.0106667
1510 0.010596
1520 0.0111842
1530 0.0111111
1540 0.0116883
1550 0.0116129
1560 0.0115385
1570 0.011465
1580 0.0113924
1590 0.0113208
1600 0.01125
1610 0.0111801
1620 0.0111111
1630 0.0110429
1640 0.0115854
1650 0.0115152
1660 0.0114458
1670 0.0113772
1680 0.0113095
1690 0.0112426
1700 0.0123529
1710 0.0122807
1720 0.0122093
1730 0.0121387
1740 0.012069
1750 0.012
1760 0.0119318
1770 0.0118644
1780 0.0123596
1790 0.0122905
1800 0.0122222
1810 0.0121547
1820 0.0120879
1830 0.0120219
1840 0.0119565
1850 0.0118919
1860 0.011828
1870 0.0117647
1880 0.0117021
1890 0.0116402
1900 0.0115789
1910 0.0115183
1920 0.0114583
1930 0.011399
1940 0.0113402
1950 0.0112821
1960 0.0112245
1970 0.0121827
1980 0.0121212
1990 0.0120603
2000 0.012
2010 0.0119403
2020 0.0118812
2030 0.0118227
2040 0.0117647
2050 0.0117073
2060 0.0116505
2070 0.0115942
2080 0.0115385
2090 0.0114833
2100 0.0114286
2110 0.0113744
2120 0.0113208
2130 0.0112676
2140 0.011215
2150 0.0111628
2160 0.0111111
2170 0.0110599
2180 0.0110092
2190 0.0109589
2200 0.0109091
2210 0.0108597
2220 0.0108108
2230 0.0107623
2240 0.0107143
2250 0.0106667
2260 0.0106195
2270 0.0105727
2280 0.0109649
2290 0.010917
2300 0.0108696
2310 0.0108225
2320 0.0107759
2330 0.0107296
2340 0.0106838
2350 0.0106383
2360 0.0105932
2370 0.0105485
2380 0.0105042
2390 0.0104603
2400 0.0108333
2410 0.0107884
2420 0.0107438
2430 0.0106996
2440 0.0106557
2450 0.0110204
2460 0.0109756
2470 0.0109312
2480 0.0108871
2490 0.011245
2500 0.0112
2510 0.0111554
2520 0.0111111
2530 0.0110672
2540 0.0110236
2550 0.0113725
2560 0.0117188
2570 0.0116732
2580 0.0116279
2590 0.011583
2600 0.0115385
2610 0.0114943
2620 0.0114504
2630 0.0114068
2640 0.0113636
2650 0.0113208
2660 0.0112782
2670 0.011236
2680 0.011194
2690 0.0115242
2700 0.0114815
2710 0.0114391
2720 0.0113971
2730 0.0113553
2740 0.0113139
2750 0.0112727
2760 0.0115942
2770 0.0119134
2780 0.0118705
2790 0.011828
2800 0.0121429
2810 0.0120996
2820 0.0120567
2830 0.0120141
2840 0.0119718
2850 0.0119298
2860 0.0118881
2870 0.0121951
2880 0.0121528
2890 0.0121107
2900 0.012069
2910 0.0120275
2920 0.0119863
2930 0.0119454
2940 0.0119048
2950 0.0118644
2960 0.0118243
2970 0.0117845
2980 0.011745
2990 0.0117057
3000 0.0116667
3010 0.0116279
3020 0.0115894
3030 0.0115512
3040 0.0115132
3050 0.0114754
3060 0.0114379
3070 0.0114007
3080 0.0113636
3090 0.0113269
3100 0.0112903
3110 0.011254
3120 0.0112179
3130 0.0111821
3140 0.0111465
3150 0.0111111
3160 0.0110759
3170 0.0113565
3180 0.0113208
3190 0.0115987
3200 0.0115625
3210 0.0115265
3220 0.0114907
3230 0.0114551
3240 0.0114198
3250 0.0113846
3260 0.0116564
3270 0.0116208
3280 0.0115854
3290 0.0115502
3300 0.0115152
3310 0.0114804
3320 0.0114458
3330 0.0114114
3340 0.0113772
3350 0.0113433
3360 0.0113095
3370 0.011276
3380 0.0112426
3390 0.0112094
3400 0.0111765
3410 0.0111437
3420 0.0111111
3430 0.0110787
3440 0.0110465
3450 0.0113043
3460 0.0115607
3470 0.0115274
3480 0.0114943
3490 0.0114613
3500 0.0114286
3510 0.011396
3520 0.0113636
3530 0.0113314
3540 0.0112994
3550 0.0115493
3560 0.0115169
3570 0.0114846
3580 0.0114525
3590 0.0114206
3600 0.0113889
3610 0.0113573
3620 0.0118785
3630 0.0118457
3640 0.0118132
3650 0.0117808
3660 0.0117486
3670 0.0117166
3680 0.0116848
3690 0.0119241
3700 0.0118919
3710 0.0118598
3720 0.011828
3730 0.0117962
3740 0.0117647
3750 0.0117333
3760 0.0117021
3770 0.0119363
3780 0.0119048
3790 0.0118734
3800 0.0118421
3810 0.011811
3820 0.0120419
3830 0.0120104
3840 0.0119792
3850 0.0119481
3860 0.0119171
3870 0.0118863
3880 0.0118557
3890 0.0118252
3900 0.0117949
3910 0.0117647
3920 0.0119898
3930 0.0122137
3940 0.0121827
3950 0.0121519
3960 0.0121212
3970 0.0120907
3980 0.0120603
3990 0.0120301
4000 0.012
4010 0.0119701
4020 0.0119403
4030 0.0119107
4040 0.0118812
4050 0.0118519
4060 0.0118227
4070 0.0117936
4080 0.0117647
4090 0.0117359
4100 0.0117073
4110 0.0116788
4120 0.0116505
4130 0.0116223
4140 0.0115942
4150 0.0115663
4160 0.0115385
4170 0.0115108
4180 0.0114833
4190 0.0114558
4200 0.0114286
4210 0.0114014
4220 0.0113744
4230 0.0115839
4240 0.0115566
4250 0.0115294
4260 0.0119718
4270 0.012178
4280 0.0121495
4290 0.0121212
4300 0.012093
4310 0.012065
4320 0.012037
4330 0.0120092
4340 0.0119816
4350 0.011954
4360 0.0119266
4370 0.0118993
4380 0.0118721
4390 0.0118451
4400 0.0118182
4410 0.0117914
4420 0.0117647
4430 0.0117381
4440 0.0117117
4450 0.0116854
4460 0.0116592
4470 0.0116331
4480 0.0116071
4490 0.0115813
4500 0.0115556
4510 0.0115299
4520 0.0115044
4530 0.011479
4540 0.0114537
4550 0.0114286
4560 0.0114035
4570 0.0113786
4580 0.0113537
4590 0.011329
4600 0.0113043
4610 0.0112798
4620 0.0114719
4630 0.0114471
4640 0.0114224
4650 0.0113978
4660 0.0113734
4670 0.011349
4680 0.0113248
4690 0.0113006
4700 0.0112766
4710 0.0112527
4720 0.0114407
4730 0.0114165
4740 0.0113924
4750 0.0113684
4760 0.0113445
4770 0.0113208
4780 0.0112971
4790 0.0112735
4800 0.01125
4810 0.0112266
4820 0.0114108
4830 0.0113872
4840 0.0113636
4850 0.0113402
4860 0.0113169
4870 0.0112936
4880 0.0112705
4890 0.0112474
4900 0.0112245
4910 0.0112016
4920 0.0111789
4930 0.0115619
4940 0.0115385
4950 0.0115152
4960 0.0114919
4970 0.0114688
4980 0.0114458
4990 0.0114228
5000 0.0114
5010 0.0113772
5020 0.0113546
5030 0.011332
5040 0.0113095
5050 0.0112871
5060 0.0112648
5070 0.0112426
5080 0.0112205
5090 0.0111984
5100 0.0111765
5110 0.0111546
5120 0.0111328
5130 0.0111111
5140 0.0114786
5150 0.0114563
5160 0.0114341
5170 0.011412
5180 0.01139
5190 0.011368
5200 0.0113462
5210 0.0113244
5220 0.0113027
5230 0.0112811
5240 0.0112595
5250 0.0112381
5260 0.0112167
5270 0.0111954
5280 0.0111742
5290 0.0111531
5300 0.0111321
5310 0.0111111
5320 0.0110902
5330 0.0110694
5340 0.0110487
5350 0.011028
5360 0.0110075
5370 0.010987
5380 0.0109665
5390 0.0109462
5400 0.0109259
5410 0.0109057
5420 0.0108856
5430 0.0108656
5440 0.0108456
5450 0.0108257
5460 0.0108059
5470 0.0107861
5480 0.0109489
5490 0.010929
5500 0.0109091
5510 0.0108893
5520 0.0108696
5530 0.0108499
5540 0.0108303
5550 0.0108108
5560 0.0107914
5570 0.010772
5580 0.0107527
5590 0.0107335
5600 0.0107143
5610 0.0106952
5620 0.0106762
5630 0.0106572
5640 0.0106383
5650 0.0106195
5660 0.0106007
5670 0.010582
5680 0.0105634
5690 0.0105448
5700 0.0105263
5710 0.0105079
5720 0.0104895
5730 0.0104712
5740 0.010453
5750 0.0104348
5760 0.0104167
5770 0.0103986
5780 0.0103806
5790 0.0103627
5800 0.0105172
5810 0.0104991
5820 0.0104811
5830 0.0104631
5840 0.0104452
5850 0.0104274
5860 0.0104096
5870 0.0103918
5880 0.0103741
5890 0.0103565
5900 0.010339
5910 0.0103215
5920 0.0103041
5930 0.0102867
5940 0.0102694
5950 0.0102521
5960 0.0102349
5970 0.0102178
5980 0.0102007
5990 0.0101836
6000 0.0101667
6010 0.0101498
6020 0.0101329
6030 0.0101161
6040 0.0100993
6050 0.0100826
6060 0.010066
6070 0.0100494
6080 0.0100329
6090 0.0100164
6100 0.01
6110 0.00998363
6120 0.00996732
6130 0.0101142
6140 0.0102606
6150 0.0102439
6160 0.0102273
6170 0.0102107
6180 0.0101942
6190 0.0101777
6200 0.0101613
6210 0.0101449
6220 0.0102894
6230 0.0102729
6240 0.0102564
6250 0.01024
6260 0.0102236
6270 0.0102073
6280 0.0101911
6290 0.0101749
6300 0.0101587
6310 0.0101426
6320 0.0101266
6330 0.0101106
6340 0.0102524
6350 0.0102362
6360 0.0102201
6370 0.0102041
6380 0.0101881
6390 0.0101721
6400 0.0101562
6410 0.0101404
6420 0.0102804
6430 0.0102644
6440 0.0102484
6450 0.0102326
6460 0.0102167
6470 0.0102009
6480 0.0101852
6490 0.0101695
6500 0.0101538
6510 0.0101382
6520 0.0102761
6530 0.0102603
6540 0.0102446
6550 0.010229
6560 0.0102134
6570 0.0101979
6580 0.0101824
6590 0.0101669
6600 0.0101515
6610 0.0101362
6620 0.0101208
6630 0.0102564
6640 0.010241
6650 0.0102256
6660 0.0103604
6670 0.0103448
6680 0.0103293
6690 0.0103139
6700 0.0102985
6710 0.0102832
6720 0.0102679
6730 0.0102526
6740 0.0102374
6750 0.0102222
6760 0.0102071
6770 0.010192
6780 0.010177
6790 0.010162
6800 0.0101471
6810 0.0101322
6820 0.0102639
6830 0.0102489
6840 0.0102339
6850 0.010219
6860 0.0102041
6870 0.0101892
6880 0.0101744
6890 0.0101597
6900 0.0101449
6910 0.0101302
6920 0.0101156
6930 0.0102453
6940 0.0102305
6950 0.0103597
6960 0.0104885
6970 0.0104735
6980 0.0104585
6990 0.0104435
7000 0.0104286
7010 0.0104137
7020 0.0103989
7030 0.0103841
7040 0.0103693
7050 0.0104965
7060 0.0104816
7070 0.0104668
7080 0.010452
7090 0.0104372
7100 0.0104225
7110 0.0104079
7120 0.0103933
7130 0.0103787
7140 0.0105042
7150 0.0104895
7160 0.0104749
7170 0.0104603
7180 0.0104457
7190 0.0104312
7200 0.0104167
7210 0.0104022
7220 0.0103878
7230 0.0103734
7240 0.0103591
7250 0.0103448
7260 0.0103306
7270 0.0103164
7280 0.0103022
7290 0.0102881
7300 0.010274
7310 0.0102599
7320 0.0103825
7330 0.0103683
7340 0.0103542
7350 0.0104762
7360 0.010462
7370 0.0105834
7380 0.0105691
7390 0.0105548
7400 0.0105405
7410 0.0105263
7420 0.0105121
7430 0.010498
7440 0.0104839
7450 0.0104698
7460 0.0104558
7470 0.0104418
7480 0.0106952
7490 0.0106809
7500 0.0106667
7510 0.0106525
7520 0.0106383
7530 0.0106242
7540 0.0106101
7550 0.010596
7560 0.010582
7570 0.010568
7580 0.0105541
7590 0.0105402
7600 0.0105263
7610 0.0105125
7620 0.0104987
7630 0.0104849
7640 0.0106021
7650 0.0108497
7660 0.0108355
7670 0.0108214
7680 0.0108073
7690 0.0107932
7700 0.0107792
7710 0.0107652
7720 0.0107513
7730 0.0107374
7740 0.0108527
7750 0.0108387
7760 0.0108247
7770 0.0110682
7780 0.011054
7790 0.0110398
7800 0.0110256
7810 0.0110115
7820 0.0109974
7830 0.0109834
7840 0.0109694
7850 0.0109554
7860 0.0109415
7870 0.0109276
7880 0.0109137
7890 0.0108999
7900 0.0108861
7910 0.0111252
7920 0.0111111
7930 0.0112232
7940 0.0112091
7950 0.011195
7960 0.0111809
7970 0.0111669
7980 0.0111529
7990 0.0111389
8000 0.011125
8010 0.0111111
8020 0.0110973
8030 0.0110834
8040 0.0110697
8050 0.0111801
8060 0.0111663
8070 0.0111524
8080 0.0111386
8090 0.0111248
8100 0.0111111
8110 0.0110974
8120 0.0110837
8130 0.0110701
8140 0.0110565
8150 0.0110429
8160 0.0110294
8170 0.0110159
8180 0.0110024
8190 0.0111111
8200 0.0110976
8210 0.011084
8220 0.0110706
8230 0.0110571
8240 0.011165
8250 0.0111515
8260 0.011138
8270 0.0111245
8280 0.0111111
8290 0.0110977
8300 0.0110843
8310 0.011071
8320 0.0110577
8330 0.0110444
8340 0.0110312
8350 0.011018
8360 0.0110048
8370 0.0109916
8380 0.0109785
8390 0.0109654
8400 0.0109524
8410 0.0109394
8420 0.0109264
8430 0.0109134
8440 0.0109005
8450 0.0108876
8460 0.0108747
8470 0.0108619
8480 0.0108491
8490 0.0108363
8500 0.0108235
8510 0.0108108
8520 0.0107981
8530 0.0107855
8540 0.0107728
8550 0.0107602
8560 0.0107477
8570 0.0107351
8580 0.0107226
8590 0.0107101
8600 0.0106977
8610 0.0106853
8620 0.0106729
8630 0.0106605
8640 0.0106481
8650 0.0106358
8660 0.0106236
8670 0.0106113
8680 0.0105991
8690 0.0105869
8700 0.0105747
8710 0.0105626
8720 0.0105505
8730 0.0105384
8740 0.0105263
8750 0.0105143
8760 0.0105023
8770 0.0104903
8780 0.0104784
8790 0.0104664
8800 0.0105682
8810 0.0105562
8820 0.0105442
8830 0.0105323
8840 0.0105204
8850 0.0105085
8860 0.0106095
8870 0.0105975
8880 0.0105856
8890 0.0105737
8900 0.0106742
8910 0.0106622
8920 0.0106502
8930 0.0106383
8940 0.0106264
8950 0.0106145
8960 0.0106027
8970 0.0105909
8980 0.0105791
8990 0.0105673
9000 0.0105556
9010 0.0105438
9020 0.0105322
9030 0.0105205
9040 0.0105088
9050 0.0104972
9060 0.0104857
9070 0.0104741
9080 0.0104626
9090 0.0106711
9100 0.0106593
9110 0.0106476
9120 0.010636
9130 0.0106243
9140 0.0106127
9150 0.0106011
9160 0.0105895
9170 0.010578
9180 0.0105664
9190 0.010555
9200 0.0105435
9210 0.010532
9220 0.0105206
9230 0.0106176
9240 0.0106061
9250 0.0105946
9260 0.0105832
9270 0.0105717
9280 0.0105603
9290 0.0106566
9300 0.0106452
9310 0.0106337
9320 0.0106223
9330 0.0106109
9340 0.0105996
9350 0.0105882
9360 0.0105769
9370 0.0105656
9380 0.0105544
9390 0.0105431
9400 0.0105319
9410 0.0105207
9420 0.0105096
9430 0.0104984
9440 0.0104873
9450 0.0104762
9460 0.0104651
9470 0.0104541
9480 0.010443
9490 0.010432
9500 0.0104211
9510 0.0104101
9520 0.0103992
9530 0.0103882
9540 0.0103774
9550 0.0103665
9560 0.0103556
9570 0.0103448
9580 0.010334
9590 0.0103233
9600 0.0103125
9610 0.0103018
9620 0.010395
9630 0.0103842
9640 0.0103734
9650 0.0103627
9660 0.010352
9670 0.0103413
9680 0.0103306
9690 0.0103199
9700 0.0103093
9710 0.0102987
9720 0.0102881
9730 0.0102775
9740 0.0102669
9750 0.0102564
9760 0.0102459
9770 0.0102354
9780 0.0102249
9790 0.0102145
9800 0.0102041
9810 0.0102956
9820 0.0102851
9830 0.0102747
9840 0.0102642
9850 0.0102538
9860 0.0102434
9870 0.010233
9880 0.0102227
9890 0.0102123
9900 0.010303
9910 0.0102926
9920 0.0102823
9930 0.0102719
9940 0.0102616
9950 0.0102513
9960 0.010241
9970 0.0102307
9980 0.0102204
9990 0.0102102
