10 0.1
20 0.1
30 0.1
40 0.1
50 0.08
60 0.0833333
70 0.1
80 0.1
90 0.0888889
100 0.09
110 0.0909091
120 0.0833333
130 0.0923077
140 0.0857143
150 0.0866667
160 0.0875
170 0.1
180 0.0944444
190 0.1
200 0.105
210 0.109524
220 0.113636
230 0.108696
240 0.104167
250 0.104
260 0.111538
270 0.111111
280 0.107143
290 0.106897
300 0.106667
310 0.103226
320 0.103125
330 0.10303
340 0.1
350 0.0971429
360 0.1
370 0.0972973
380 0.1
390 0.102564
400 0.1025
410 0.104878
420 0.107143
430 0.104651
440 0.104545
450 0.102222
460 0.102174
470 0.102128
480 0.102083
490 0.1
500 0.098
510 0.0960784
520 0.0942308
530 0.0924528
540 0.0925926
550 0.0927273
560 0.0946429
570 0.0964912
580 0.0965517
590 0.0966102
600 0.0983333
610 0.0983607
620 0.1
630 0.0984127
640 0.0984375
650 0.0969231
660 0.0969697
670 0.0955224
680 0.0941176
690 0.0956522
700 0.0942857
710 0.0957747
720 0.0958333
730 0.0972603
740 0.0986486
750 0.0973333
760 0.1
770 0.1
780 0.101282
790 0.1
800 0.10125
810 0.101235
820 0.1
830 0.1
840 0.0988095
850 0.0988235
860 0.0988372
870 0.101149
880 0.1
890 0.101124
900 0.101111
910 0.101099
920 0.101087
930 0.1
940 0.0989362
950 0.0989474
960 0.0989583
970 0.0989691
980 0.0979592
990 0.0969697
1000 0.096
1010 0.0960396
1020 0.0960784
1030 0.0951456
1040 0.0942308
1050 0.0942857
1060 0.0943396
1070 0.0962617
1080 0.0962963
1090 0.0963303
1100 0.0963636
1110 0.0954955
1120 0.0955357
1130 0.0955752
1140 0.095614
1150 0.0947826
1160 0.0939655
1170 0.0931624
1180 0.0932203
1190 0.0932773
1200 0.0933333
1210 0.0933884
1220 0.0934426
1230 0.0943089
1240 0.0951613
1250 0.0944
1260 0.0944444
1270 0.0944882
1280 0.0945313
1290 0.0953488
1300 0.0953846
1310 0.0946565
1320 0.0954545
1330 0.0962406
1340 0.0955224
1350 0.0955556
1360 0.0955882
1370 0.0956204
1380 0.0956522
1390 0.094964
1400 0.0942857
1410 0.093617
1420 0.093662
1430 0.093007
1440 0.0930556
1450 0.0931034
1460 0.0924658
1470 0.0931973
1480 0.0939189
1490 0.0946309
1500 0.0946667
1510 0.0953642
1520 0.0953947
1530 0.0954248
1540 0.0954545
1550 0.0954839
1560 0.0955128
1570 0.0955414
1580 0.0949367
1590 0.0949685
1600 0.094375
1610 0.0962733
1620 0.0969136
1630 0.097546
1640 0.0987805
1650 0.1
1660 0.1
1670 0.0994012
1680 0.0994048
1690 0.0988166
1700 0.1
1710 0.0994152
1720 0.0988372
1730 0.1
1740 0.100575
1750 0.101143
1760 0.101136
1770 0.100565
1780 0.100562
1790 0.1
1800 0.1
1810 0.1
1820 0.1
1830 0.100546
1840 0.1
1850 0.0994595
1860 0.0989247
1870 0.0989305
1880 0.0994681
1890 0.1
1900 0.0994737
1910 0.1
1920 0.0994792
1930 0.0994819
1940 0.0994845
1950 0.0989744
1960 0.0989796
1970 0.0994924
1980 0.1
1990 0.1
2000 0.1005
2010 0.100498
2020 0.100495
2030 0.100493
2040 0.10049
2050 0.101463
2060 0.100971
2070 0.100966
2080 0.100962
2090 0.101914
2100 0.102857
2110 0.10237
2120 0.101887
2130 0.101878
2140 0.101402
2150 0.10186
2160 0.101852
2170 0.101382
2180 0.100917
2190 0.100457
2200 0.1
2210 0.1
2220 0.1
2230 0.0995516
2240 0.0991071
2250 0.1
2260 0.1
2270 0.0995595
2280 0.100877
2290 0.10131
2300 0.101739
2310 0.102164
2320 0.101724
2330 0.101717
2340 0.101709
2350 0.101277
2360 0.100847
2370 0.100844
2380 0.10042
2390 0.100837
2400 0.10125
2410 0.10083
2420 0.101653
2430 0.102058
2440 0.102049
2450 0.102041
2460 0.101626
2470 0.101215
2480 0.100806
2490 0.101205
2500 0.1008
2510 0.101195
2520 0.10119
2530 0.101186
2540 0.100787
2550 0.101961
2560 0.103125
2570 0.103113
2580 0.103101
2590 0.103861
2600 0.103462
2610 0.103448
2620 0.103435
2630 0.104183
2640 0.104545
2650 0.104151
2660 0.103759
2670 0.103371
2680 0.102985
2690 0.103717
2700 0.103333
2710 0.103321
2720 0.103309
2730 0.10293
2740 0.102555
2750 0.102182
2760 0.102899
2770 0.103249
2780 0.102878
2790 0.102867
2800 0.102857
2810 0.103203
2820 0.103901
2830 0.10424
2840 0.104225
2850 0.104561
2860 0.104895
2870 0.105226
2880 0.105556
2890 0.105536
2900 0.105862
2910 0.105498
2920 0.105822
2930 0.105802
2940 0.105442
2950 0.105763
2960 0.105743
2970 0.105387
2980 0.106376
2990 0.106355
3000 0.106667
3010 0.106645
3020 0.106291
3030 0.106271
3040 0.105921
3050 0.105902
3060 0.106209
3070 0.106189
3080 0.106169
3090 0.106149
3100 0.106774
3110 0.106431
3120 0.10609
3130 0.10607
3140 0.106051
3150 0.106349
3160 0.106646
3170 0.106625
3180 0.106289
3190 0.10627
3200 0.106563
3210 0.106231
3220 0.105901
3230 0.106502
3240 0.106481
3250 0.106769
3260 0.106748
3270 0.106422
3280 0.106402
3290 0.106383
3300 0.10697
3310 0.106647
3320 0.106325
3330 0.106907
3340 0.106587
3350 0.106567
3360 0.10625
3370 0.106231
3380 0.106213
3390 0.1059
3400 0.106176
3410 0.106452
3420 0.106433
3430 0.106122
3440 0.106395
3450 0.106957
3460 0.107225
3470 0.106916
3480 0.106897
3490 0.107163
3500 0.107143
3510 0.107123
3520 0.107102
3530 0.107082
3540 0.10678
3550 0.106761
3560 0.106461
3570 0.106162
3580 0.106425
3590 0.106128
3600 0.106389
3610 0.106094
3620 0.106354
3630 0.106612
3640 0.106593
3650 0.106575
3660 0.106831
3670 0.106812
3680 0.106522
3690 0.106504
3700 0.106486
3710 0.106199
3720 0.106452
3730 0.106971
3740 0.106952
3750 0.106933
3760 0.106649
3770 0.107162
3780 0.106878
3790 0.10686
3800 0.107105
3810 0.107612
3820 0.108115
3830 0.108094
3840 0.108333
3850 0.108312
3860 0.108808
3870 0.108786
3880 0.108505
3890 0.108226
3900 0.107949
3910 0.107673
3920 0.108673
3930 0.108651
3940 0.108629
3950 0.108354
3960 0.108081
3970 0.108564
3980 0.108543
3990 0.108521
4000 0.10875
4010 0.108728
4020 0.109204
4030 0.109181
4040 0.110149
4050 0.109877
4060 0.110345
4070 0.110811
4080 0.111029
4090 0.111491
4100 0.111463
4110 0.111436
4120 0.111165
4130 0.110896
4140 0.11087
4150 0.111084
4160 0.111058
4170 0.111271
4180 0.111244
4190 0.111217
4200 0.110952
4210 0.111164
4220 0.111374
4230 0.111584
4240 0.111557
4250 0.111529
4260 0.111972
4270 0.112412
4280 0.112383
4290 0.112354
4300 0.112093
4310 0.111833
4320 0.111806
4330 0.112471
4340 0.112212
4350 0.112184
4360 0.112156
4370 0.112357
4380 0.1121
4390 0.112073
4400 0.112273
4410 0.112245
4420 0.112217
4430 0.11219
4440 0.112387
4450 0.11236
4460 0.112108
4470 0.111857
4480 0.11183
4490 0.111804
4500 0.111556
4510 0.111973
4520 0.112168
4530 0.112362
4540 0.112555
4550 0.112527
4560 0.1125
4570 0.112254
4580 0.112445
4590 0.112418
4600 0.112609
4610 0.112798
4620 0.112771
4630 0.112527
4640 0.112284
4650 0.112043
4660 0.112232
4670 0.112206
4680 0.111966
4690 0.11194
4700 0.111702
4710 0.111677
4720 0.112076
4730 0.112051
4740 0.111814
4750 0.111579
4760 0.111765
4770 0.11153
4780 0.111925
4790 0.111691
4800 0.111458
4810 0.11185
4820 0.112241
4830 0.112008
4840 0.111983
4850 0.111959
4860 0.111728
4870 0.11191
4880 0.11168
4890 0.111656
4900 0.111633
4910 0.111405
4920 0.111179
4930 0.111562
4940 0.111741
4950 0.111515
4960 0.11129
4970 0.111268
4980 0.111245
4990 0.111022
5000 0.1108
5010 0.110579
5020 0.110558
5030 0.110537
5040 0.110317
5050 0.110297
5060 0.110079
5070 0.110059
5080 0.110039
5090 0.109823
5100 0.109804
5110 0.109785
5120 0.10957
5130 0.109357
5140 0.109728
5150 0.109903
5160 0.10969
5170 0.109671
5180 0.109653
5190 0.109634
5200 0.109423
5210 0.109405
5220 0.109195
5230 0.109178
5240 0.10916
5250 0.108952
5260 0.109125
5270 0.109108
5280 0.108902
5290 0.108696
5300 0.108868
5310 0.108851
5320 0.108835
5330 0.10863
5340 0.108614
5350 0.108411
5360 0.108769
5370 0.108566
5380 0.108736
5390 0.108905
5400 0.108704
5410 0.108688
5420 0.108856
5430 0.108656
5440 0.108456
5450 0.10844
5460 0.108608
5470 0.108958
5480 0.108942
5490 0.108743
5500 0.108727
5510 0.10853
5520 0.108333
5530 0.108137
5540 0.107942
5550 0.107928
5560 0.107734
5570 0.10754
5580 0.107527
5590 0.107513
5600 0.107321
5610 0.107487
5620 0.107473
5630 0.107282
5640 0.10727
5650 0.107434
5660 0.10742
5670 0.107584
5680 0.10757
5690 0.107381
5700 0.107193
5710 0.107005
5720 0.106818
5730 0.106632
5740 0.106446
5750 0.106261
5760 0.10625
5770 0.106586
5780 0.106574
5790 0.10639
5800 0.106552
5810 0.10654
5820 0.106529
5830 0.106346
5840 0.106678
5850 0.106667
5860 0.106485
5870 0.106474
5880 0.106293
5890 0.106282
5900 0.106441
5910 0.10643
5920 0.106419
5930 0.106745
5940 0.106734
5950 0.107059
5960 0.106879
5970 0.1067
5980 0.106689
5990 0.106678
6000 0.106667
6010 0.106489
6020 0.107143
6030 0.107297
6040 0.10745
6050 0.107603
6060 0.107426
6070 0.107743
6080 0.10773
6090 0.107882
6100 0.108033
6110 0.10802
6120 0.108007
6130 0.107993
6140 0.108306
6150 0.108455
6160 0.108279
6170 0.108266
6180 0.108091
6190 0.108078
6200 0.108065
6210 0.108052
6220 0.10836
6230 0.108347
6240 0.108173
6250 0.108
6260 0.108147
6270 0.108134
6280 0.108121
6290 0.107949
6300 0.107778
6310 0.107924
6320 0.10807
6330 0.107899
6340 0.10836
6350 0.108346
6360 0.108333
6370 0.10832
6380 0.108307
6390 0.108138
6400 0.108125
6410 0.10858
6420 0.108723
6430 0.108865
6440 0.109006
6450 0.108837
6460 0.108824
6470 0.108655
6480 0.108488
6490 0.10832
6500 0.108308
6510 0.108295
6520 0.108436
6530 0.108423
6540 0.108257
6550 0.108092
6560 0.108232
6570 0.108219
6580 0.108055
6590 0.108346
6600 0.108333
6610 0.108169
6620 0.108308
6630 0.108296
6640 0.108133
6650 0.10812
6660 0.108258
6670 0.108096
6680 0.107934
6690 0.107773
6700 0.107761
6710 0.107601
6720 0.107738
6730 0.107727
6740 0.107864
6750 0.108
6760 0.10784
6770 0.107829
6780 0.107817
6790 0.108395
6800 0.108382
6810 0.10837
6820 0.108358
6830 0.108346
6840 0.108333
6850 0.108467
6860 0.108601
6870 0.108443
6880 0.108285
6890 0.108418
6900 0.108406
6910 0.108394
6920 0.108526
6930 0.108658
6940 0.109078
6950 0.109065
6960 0.109052
6970 0.109039
6980 0.109456
6990 0.109442
7000 0.109286
7010 0.10913
7020 0.109259
7030 0.109246
7040 0.109091
7050 0.109362
7060 0.109348
7070 0.109194
7080 0.109181
7090 0.109168
7100 0.109014
7110 0.108861
7120 0.108848
7130 0.108836
7140 0.108964
7150 0.109231
7160 0.109358
7170 0.109205
7180 0.109192
7190 0.10904
7200 0.109167
7210 0.109293
7220 0.109141
7230 0.10899
7240 0.109116
7250 0.108966
7260 0.109091
7270 0.109216
7280 0.109203
7290 0.109191
7300 0.109178
7310 0.109166
7320 0.109563
7330 0.109413
7340 0.109264
7350 0.109524
7360 0.109375
7370 0.109498
7380 0.109621
7390 0.109743
7400 0.10973
7410 0.109852
7420 0.109704
7430 0.10969
7440 0.109543
7450 0.109396
7460 0.109383
7470 0.109371
7480 0.109626
7490 0.109613
7500 0.1096
7510 0.109854
7520 0.109973
7530 0.109827
7540 0.109814
7550 0.109669
7560 0.109656
7570 0.109511
7580 0.109499
7590 0.109618
7600 0.109605
7610 0.109461
7620 0.109318
7630 0.109305
7640 0.109293
7650 0.109412
7660 0.109399
7670 0.109387
7680 0.109245
7690 0.109233
7700 0.109221
7710 0.109339
7720 0.109197
7730 0.109185
7740 0.109173
7750 0.109032
7760 0.109021
7770 0.109138
7780 0.109255
7790 0.109243
7800 0.109359
7810 0.109219
7820 0.109335
7830 0.109323
7840 0.109184
7850 0.109172
7860 0.109288
7870 0.109276
7880 0.109137
7890 0.108999
7900 0.109114
7910 0.109355
7920 0.10947
7930 0.109458
7940 0.10932
7950 0.10956
7960 0.109673
7970 0.109661
7980 0.109649
7990 0.109762
8000 0.10975
8010 0.109613
8020 0.109476
8030 0.109465
8040 0.109328
8050 0.109441
8060 0.109429
8070 0.109294
8080 0.109406
8090 0.109394
8100 0.109383
8110 0.109494
8120 0.10936
8130 0.109348
8140 0.109337
8150 0.109202
8160 0.109314
8170 0.109302
8180 0.109169
8190 0.10928
8200 0.109146
8210 0.109013
8220 0.108881
8230 0.108748
8240 0.108738
8250 0.10897
8260 0.108959
8270 0.109069
8280 0.109058
8290 0.109047
8300 0.109036
8310 0.109146
8320 0.109135
8330 0.109244
8340 0.109353
8350 0.109341
8360 0.10933
8370 0.109558
8380 0.109666
8390 0.109654
8400 0.109524
8410 0.10975
8420 0.109739
8430 0.109609
8440 0.109834
8450 0.109704
8460 0.109693
8470 0.109681
8480 0.109552
8490 0.109423
8500 0.109412
8510 0.109283
8520 0.109155
8530 0.109144
8540 0.109133
8550 0.109006
8560 0.108879
8570 0.108868
8580 0.108974
8590 0.108964
8600 0.108837
8610 0.108827
8620 0.108817
8630 0.108691
8640 0.108565
8650 0.108439
8660 0.108314
8670 0.108189
8680 0.108065
8690 0.10794
8700 0.108046
8710 0.108037
8720 0.108028
8730 0.108018
8740 0.107895
8750 0.107771
8760 0.107877
8770 0.107868
8780 0.107745
8790 0.107736
8800 0.107955
8810 0.107946
8820 0.10805
8830 0.107928
8840 0.107919
8850 0.10791
8860 0.108014
8870 0.108117
8880 0.108221
8890 0.108211
8900 0.108427
8910 0.108305
8920 0.108296
8930 0.108175
8940 0.108166
8950 0.108156
8960 0.108147
8970 0.10825
8980 0.108241
8990 0.108231
9000 0.108222
9010 0.108435
9020 0.108426
9030 0.108638
9040 0.108518
9050 0.108398
9060 0.108389
9070 0.108269
9080 0.10815
9090 0.108361
9100 0.108571
9110 0.108452
9120 0.108333
9130 0.108653
9140 0.108534
9150 0.108415
9160 0.108297
9170 0.108179
9180 0.108279
9190 0.108161
9200 0.108152
9210 0.108143
9220 0.108134
9230 0.108126
9240 0.108117
9250 0.108108
9260 0.108099
9270 0.107983
9280 0.107866
9290 0.108073
9300 0.107957
9310 0.107948
9320 0.10794
9330 0.107931
9340 0.107923
9350 0.108021
9360 0.108226
9370 0.108538
9380 0.108422
9390 0.108307
9400 0.108298
9410 0.108183
9420 0.108068
9430 0.107953
9440 0.107945
9450 0.107937
9460 0.107822
9470 0.107709
9480 0.107595
9490 0.107798
9500 0.107789
9510 0.107781
9520 0.107668
9530 0.107765
9540 0.107757
9550 0.107749
9560 0.107741
9570 0.107628
9580 0.10762
9590 0.107612
9600 0.1075
9610 0.107596
9620 0.107588
9630 0.107477
9640 0.10778
9650 0.107876
9660 0.107764
9670 0.107756
9680 0.107748
9690 0.107843
9700 0.107732
9710 0.107621
9720 0.107613
9730 0.107605
9740 0.107598
9750 0.107487
9760 0.107377
9770 0.107369
9780 0.10726
9790 0.107354
9800 0.107245
9810 0.107339
9820 0.10723
9830 0.107426
9840 0.107317
9850 0.10731
9860 0.107201
9870 0.107396
9880 0.107287
9890 0.10728
9900 0.107374
9910 0.107568
9920 0.10746
9930 0.107553
9940 0.107545
9950 0.107538
9960 0.107631
9970 0.107823
9980 0.107916
9990 0.108008
