10 1
11 0.9192
12 0.8454
13 0.7842
14 0.7319
15 0.6819
16 0.6391
17 0.604
18 0.5725
19 0.5449
20 0.5187
21 0.4944
22 0.4733
23 0.451
24 0.4313
25 0.4141
26 0.3988
27 0.3852
28 0.3734
29 0.3631
30 0.351
31 0.3405
32 0.3306
33 0.3203
34 0.3118
35 0.3024
36 0.2944
37 0.2864
38 0.2789
39 0.2718
40 0.2653
41 0.2599
42 0.253
43 0.2469
44 0.2415
45 0.237
46 0.2322
47 0.2286
48 0.2236
49 0.2197
50 0.2159
51 0.2129
52 0.2089
53 0.2046
54 0.2008
55 0.1972
56 0.1928
57 0.1891
58 0.1846
59 0.1819
60 0.1797
61 0.1772
62 0.1734
63 0.1709
64 0.1681
65 0.1653
66 0.1628
67 0.1606
68 0.158
69 0.1558
70 0.1534
71 0.1503
72 0.1488
73 0.1471
74 0.1453
75 0.1426
76 0.1405
77 0.1391
78 0.1373
79 0.1354
80 0.134
81 0.1323
82 0.1306
83 0.1287
84 0.1268
85 0.1258
86 0.1244
87 0.123
88 0.1215
89 0.1198
90 0.1185
91 0.1172
92 0.1166
93 0.1156
94 0.1145
95 0.1128
96 0.1119
97 0.1108
98 0.11
99 0.109
100 0.1079
101 0.107
102 0.1047
103 0.1041
104 0.1036
105 0.1028
106 0.1016
107 0.1012
108 0.0995
109 0.0983
110 0.0971
111 0.0966
112 0.0957
113 0.0948
114 0.0942
115 0.0931
116 0.0923
117 0.0917
118 0.0912
119 0.0907
120 0.0899
121 0.0888
122 0.088
123 0.0866
124 0.0862
125 0.0851
126 0.0841
127 0.0832
128 0.0822
129 0.0809
130 0.08
131 0.0797
132 0.0791
133 0.0784
134 0.078
135 0.0774
136 0.0771
137 0.0766
138 0.0759
139 0.0754
140 0.0742
141 0.0739
142 0.0732
143 0.0725
144 0.0721
145 0.0714
146 0.0711
147 0.0706
148 0.0701
149 0.0697
150 0.0694
151 0.069
152 0.0686
153 0.0682
154 0.0681
155 0.0677
156 0.0672
157 0.0668
158 0.066
159 0.0658
160 0.0653
161 0.0648
162 0.0641
163 0.0637
164 0.0633
165 0.0632
166 0.0629
167 0.0623
168 0.062
169 0.0617
170 0.0614
171 0.0612
172 0.0609
173 0.0604
174 0.0602
175 0.0601
176 0.0601
177 0.0598
178 0.0595
179 0.059
180 0.0583
181 0.058
182 0.0574
183 0.0573
184 0.0568
185 0.0566
186 0.0563
187 0.0559
188 0.0557
189 0.0554
190 0.0551
191 0.0548
192 0.0543
193 0.0543
194 0.054
195 0.0537
196 0.0534
197 0.0532
198 0.0528
199 0.0525
200 0.052
201 0.052
202 0.0518
203 0.0515
204 0.0515
205 0.0513
206 0.0513
207 0.0508
208 0.0507
209 0.0505
210 0.0502
211 0.0501
212 0.0498
213 0.0496
214 0.0496
215 0.0495
216 0.0495
217 0.0494
218 0.0491
219 0.0488
220 0.0485
221 0.0484
222 0.0482
223 0.0479
224 0.0479
225 0.0477
226 0.0475
227 0.0475
228 0.0473
229 0.0469
230 0.0466
231 0.0466
232 0.0465
233 0.0465
234 0.0464
235 0.0462
236 0.046
237 0.0459
238 0.0456
239 0.0456
240 0.0454
241 0.0453
242 0.045
243 0.0447
244 0.0447
245 0.0446
246 0.0446
247 0.0445
248 0.0445
249 0.0444
250 0.0441
251 0.0439
252 0.0439
253 0.0437
254 0.0435
255 0.0431
256 0.0431
257 0.0431
258 0.0429
259 0.0427
260 0.0425
261 0.0422
262 0.0421
263 0.0421
264 0.042
265 0.0419
266 0.0418
267 0.0417
268 0.0413
269 0.0412
270 0.0412
271 0.0412
272 0.041
273 0.041
274 0.0409
275 0.0408
276 0.0406
277 0.0406
278 0.0402
279 0.0398
280 0.0396
281 0.0392
282 0.0391
283 0.0391
284 0.0391
285 0.0387
286 0.0386
287 0.0386
288 0.0384
289 0.038
290 0.0379
291 0.0378
292 0.0378
293 0.0376
294 0.0375
295 0.0374
296 0.0372
297 0.037
298 0.0368
299 0.0367
300 0.0366
301 0.0363
302 0.0362
303 0.0361
304 0.0359
305 0.0358
306 0.0356
307 0.0354
308 0.0353
309 0.0352
310 0.0352
311 0.0352
312 0.0352
313 0.0352
314 0.0351
315 0.0351
316 0.0351
317 0.0351
318 0.0351
319 0.035
320 0.0348
321 0.0347
322 0.0347
323 0.0346
324 0.0346
325 0.0345
326 0.0344
327 0.0342
328 0.0341
329 0.034
330 0.0338
331 0.0338
332 0.0334
333 0.0332
334 0.0332
335 0.033
336 0.0328
337 0.0328
338 0.0326
339 0.0326
340 0.0325
341 0.0322
342 0.0321
343 0.032
344 0.0319
345 0.0317
346 0.0315
347 0.0313
348 0.0312
349 0.0311
350 0.0311
351 0.031
352 0.031
353 0.031
354 0.031
355 0.0308
356 0.0308
357 0.0307
358 0.0306
359 0.0301
360 0.03
361 0.03
362 0.0299
363 0.0299
364 0.0299
365 0.0299
366 0.0297
367 0.0294
368 0.0292
369 0.0292
370 0.0292
371 0.0291
372 0.0291
373 0.0291
374 0.0291
375 0.0291
376 0.0291
377 0.0291
378 0.029
379 0.029
380 0.0289
381 0.0289
382 0.0288
383 0.0285
384 0.0285
385 0.0284
386 0.0283
387 0.0281
388 0.028
389 0.028
390 0.0279
391 0.0279
392 0.0278
393 0.0278
394 0.0278
395 0.0277
396 0.0276
397 0.0276
398 0.0276
399 0.0276
400 0.0275
401 0.0273
402 0.0272
403 0.0271
404 0.027
405 0.027
406 0.027
407 0.027
408 0.0269
409 0.0269
410 0.0269
411 0.0268
412 0.0267
413 0.0266
414 0.0265
415 0.0265
416 0.0265
417 0.0265
418 0.0265
419 0.0263
420 0.0262
421 0.0262
422 0.0262
423 0.0261
424 0.0261
425 0.0261
426 0.0261
427 0.0261
428 0.0261
429 0.0261
430 0.026
431 0.026
432 0.026
433 0.026
434 0.026
435 0.0259
436 0.0259
437 0.0258
438 0.0257
439 0.0257
440 0.0257
441 0.0255
442 0.0254
443 0.0253
444 0.0252
445 0.025
446 0.025
447 0.025
448 0.0249
449 0.0248
450 0.0247
451 0.0247
452 0.0246
453 0.0245
454 0.0245
455 0.0245
456 0.0244
457 0.0242
458 0.0242
459 0.0242
460 0.0242
461 0.0242
462 0.0242
463 0.0241
464 0.024
465 0.024
466 0.024
467 0.024
468 0.024
469 0.0239
470 0.0238
471 0.0238
472 0.0238
473 0.0238
474 0.0236
475 0.0236
476 0.0234
477 0.0233
478 0.0232
479 0.0232
480 0.0232
481 0.0232
482 0.0231
483 0.023
484 0.023
485 0.023
486 0.023
487 0.0229
488 0.0228
489 0.0227
490 0.0226
491 0.0225
492 0.0223
493 0.0223
494 0.0223
495 0.0223
496 0.0223
497 0.0223
498 0.0222
499 0.0222
500 0.0222
501 0.0222
502 0.0221
503 0.0221
504 0.0219
505 0.0219
506 0.0218
507 0.0218
508 0.0218
509 0.0218
510 0.0218
511 0.0218
512 0.0218
513 0.0218
514 0.0218
515 0.0218
516 0.0218
517 0.0218
518 0.0218
519 0.0218
520 0.0218
521 0.0218
522 0.0218
523 0.0217
524 0.0217
525 0.0216
526 0.0215
527 0.0213
528 0.0213
529 0.0213
530 0.0213
531 0.0211
532 0.0209
533 0.0209
534 0.0209
535 0.0209
536 0.0209
537 0.0209
538 0.0209
539 0.0209
540 0.0208
541 0.0208
542 0.0208
543 0.0207
544 0.0206
545 0.0206
546 0.0206
547 0.0206
548 0.0205
549 0.0205
550 0.0204
551 0.0204
552 0.0204
553 0.0203
554 0.0203
555 0.0202
556 0.0201
557 0.0199
558 0.0199
559 0.0199
560 0.0199
561 0.0199
562 0.0199
563 0.0199
564 0.0199
565 0.0199
566 0.0199
567 0.0199
568 0.0199
569 0.0198
570 0.0198
571 0.0198
572 0.0197
573 0.0196
574 0.0195
575 0.0195
576 0.0195
577 0.0195
578 0.0195
579 0.0195
580 0.0195
581 0.0195
582 0.0195
583 0.0195
584 0.0193
585 0.0192
586 0.0192
587 0.0192
588 0.0191
589 0.0191
590 0.0191
591 0.0191
592 0.0191
593 0.019
594 0.019
595 0.0189
596 0.0189
597 0.0189
598 0.0189
599 0.0188
600 0.0187
601 0.0187
602 0.0187
603 0.0187
604 0.0187
605 0.0187
606 0.0187
607 0.0186
608 0.0186
609 0.0186
610 0.0186
611 0.0186
612 0.0186
613 0.0186
614 0.0186
615 0.0186
616 0.0186
617 0.0186
618 0.0186
619 0.0186
620 0.0185
621 0.0185
622 0.0182
623 0.0182
624 0.0182
625 0.0181
626 0.0181
627 0.018
628 0.018
629 0.0179
630 0.0178
631 0.0178
632 0.0178
633 0.0178
634 0.0178
635 0.0177
636 0.0177
637 0.0176
638 0.0176
639 0.0176
640 0.0176
641 0.0174
642 0.0174
643 0.0174
644 0.0174
645 0.0173
646 0.0173
647 0.0173
648 0.0173
649 0.0173
650 0.0171
651 0.0171
652 0.0171
653 0.0171
654 0.0171
655 0.0169
656 0.0168
657 0.0167
658 0.0167
659 0.0167
660 0.0166
661 0.0166
662 0.0166
663 0.0165
664 0.0164
665 0.0164
666 0.0164
667 0.0164
668 0.0164
669 0.0164
670 0.0164
671 0.0162
672 0.0162
673 0.0162
674 0.0162
675 0.0161
676 0.0161
677 0.0161
678 0.0161
679 0.0161
680 0.016
681 0.016
682 0.016
683 0.016
684 0.016
685 0.016
686 0.016
687 0.0159
688 0.0158
689 0.0158
690 0.0158
691 0.0157
692 0.0156
693 0.0156
694 0.0156
695 0.0156
696 0.0155
697 0.0155
698 0.0155
699 0.0154
700 0.0154
701 0.0154
702 0.0154
703 0.0153
704 0.0153
705 0.0151
706 0.0151
707 0.015
708 0.015
709 0.015
710 0.0149
711 0.0149
712 0.0148
713 0.0148
714 0.0148
715 0.0148
716 0.0148
717 0.0148
718 0.0148
719 0.0148
720 0.0148
721 0.0148
722 0.0148
723 0.0148
724 0.0148
725 0.0148
726 0.0148
727 0.0147
728 0.0147
729 0.0147
730 0.0147
731 0.0147
732 0.0146
733 0.0146
734 0.0146
735 0.0146
736 0.0146
737 0.0146
738 0.0146
739 0.0146
740 0.0146
741 0.0146
742 0.0146
743 0.0146
744 0.0146
745 0.0146
746 0.0146
747 0.0146
748 0.0146
749 0.0146
750 0.0146
751 0.0145
752 0.0144
753 0.0143
754 0.0143
755 0.0142
756 0.0142
757 0.0142
758 0.0142
759 0.0142
760 0.0142
761 0.0141
762 0.0141
763 0.0141
764 0.0141
765 0.0141
766 0.0141
767 0.0141
768 0.0141
769 0.0141
770 0.0141
771 0.014
772 0.014
773 0.0139
774 0.0139
775 0.0139
776 0.0139
777 0.0139
778 0.0139
779 0.0139
780 0.0139
781 0.0139
782 0.0139
783 0.0139
784 0.0139
785 0.0139
786 0.0139
787 0.0139
788 0.0139
789 0.0139
790 0.0139
791 0.0138
792 0.0138
793 0.0138
794 0.0138
795 0.0138
796 0.0138
797 0.0138
798 0.0138
799 0.0138
800 0.0138
801 0.0138
802 0.0138
803 0.0138
804 0.0138
805 0.0138
806 0.0138
807 0.0138
808 0.0138
809 0.0137
810 0.0137
811 0.0137
812 0.0136
813 0.0136
814 0.0136
815 0.0136
816 0.0136
817 0.0136
818 0.0135
819 0.0135
820 0.0135
821 0.0135
822 0.0134
823 0.0134
824 0.0134
825 0.0134
826 0.0134
827 0.0134
828 0.0134
829 0.0133
830 0.0132
831 0.0132
832 0.0132
833 0.0132
834 0.0132
835 0.0132
836 0.0132
837 0.0132
838 0.0132
839 0.0131
840 0.0131
841 0.0131
842 0.0131
843 0.0131
844 0.0131
845 0.013
846 0.013
847 0.013
848 0.0129
849 0.0129
850 0.0129
851 0.0129
852 0.0129
853 0.0129
854 0.0129
855 0.0128
856 0.0128
857 0.0128
858 0.0128
859 0.0128
860 0.0128
861 0.0128
862 0.0128
863 0.0128
864 0.0128
865 0.0128
866 0.0128
867 0.0128
868 0.0128
869 0.0128
870 0.0128
871 0.0128
872 0.0128
873 0.0128
874 0.0128
875 0.0128
876 0.0128
877 0.0128
878 0.0128
879 0.0127
880 0.0127
881 0.0127
882 0.0127
883 0.0127
884 0.0127
885 0.0127
886 0.0127
887 0.0127
888 0.0127
889 0.0127
890 0.0127
891 0.0127
892 0.0127
893 0.0127
894 0.0127
895 0.0127
896 0.0126
897 0.0126
898 0.0126
899 0.0126
900 0.0126
901 0.0126
902 0.0124
903 0.0123
904 0.0121
905 0.0121
906 0.0121
907 0.0121
908 0.0121
909 0.0121
910 0.0121
911 0.0121
912 0.0121
913 0.0121
914 0.012
915 0.012
916 0.012
917 0.012
918 0.012
919 0.0119
920 0.0119
921 0.0119
922 0.0119
923 0.0118
924 0.0118
925 0.0118
926 0.0118
927 0.0118
928 0.0118
929 0.0118
930 0.0118
931 0.0118
932 0.0118
933 0.0118
934 0.0118
935 0.0118
936 0.0118
937 0.0118
938 0.0118
939 0.0117
940 0.0117
941 0.0115
942 0.0115
943 0.0115
944 0.0115
945 0.0115
946 0.0115
947 0.0115
948 0.0115
949 0.0115
950 0.0115
951 0.0115
952 0.0115
953 0.0115
954 0.0115
955 0.0115
956 0.0115
957 0.0115
958 0.0115
959 0.0115
960 0.0115
961 0.0115
962 0.0115
963 0.0115
964 0.0115
965 0.0115
966 0.0115
967 0.0115
968 0.0115
969 0.0115
970 0.0115
971 0.0114
972 0.0114
973 0.0114
974 0.0113
975 0.0113
976 0.0113
977 0.0113
978 0.0113
979 0.0113
980 0.0113
981 0.0113
982 0.0113
983 0.0113
984 0.0113
985 0.0113
986 0.0113
987 0.0112
988 0.0112
989 0.0112
990 0.0112
991 0.0112
992 0.0112
993 0.0112
994 0.0112
995 0.0112
996 0.0112
997 0.0112
998 0.0112
999 0.0112
