10 0
20 0.05
30 0.0666667
40 0.05
50 0.04
60 0.0333333
70 0.0428571
80 0.0375
90 0.0333333
100 0.03
110 0.0363636
120 0.05
130 0.0538462
140 0.0571429
150 0.06
160 0.0625
170 0.0823529
180 0.0777778
190 0.0736842
200 0.07
210 0.0761905
220 0.0727273
230 0.0695652
240 0.075
250 0.072
260 0.0730769
270 0.0703704
280 0.075
290 0.0793103
300 0.0833333
310 0.0870968
320 0.090625
330 0.0909091
340 0.0882353
350 0.0857143
360 0.0916667
370 0.0891892
380 0.0921053
390 0.0923077
400 0.0925
410 0.0902439
420 0.0928571
430 0.0930233
440 0.0954545
450 0.0933333
460 0.0956522
470 0.093617
480 0.0916667
490 0.0938776
500 0.094
510 0.0960784
520 0.0942308
530 0.0924528
540 0.0944444
550 0.0945455
560 0.0964286
570 0.0982456
580 0.1
590 0.0983051
600 0.0966667
610 0.095082
620 0.0935484
630 0.0936508
640 0.0953125
650 0.0938462
660 0.0939394
670 0.0955224
680 0.0941176
690 0.0956522
700 0.0957143
710 0.0943662
720 0.0944444
730 0.0945205
740 0.0959459
750 0.0946667
760 0.0947368
770 0.0948052
780 0.0935897
790 0.0936709
800 0.095
810 0.0962963
820 0.0963415
830 0.0963855
840 0.0952381
850 0.0941176
860 0.094186
870 0.0931034
880 0.0931818
890 0.0932584
900 0.0922222
910 0.0923077
920 0.0923913
930 0.0913979
940 0.0904255
950 0.0905263
960 0.0916667
970 0.0907217
980 0.0918367
990 0.0919192
1000 0.091
1010 0.0910891
1020 0.0901961
1030 0.0902913
1040 0.0894231
1050 0.0895238
1060 0.0915094
1070 0.0934579
1080 0.0953704
1090 0.0963303
1100 0.0963636
1110 0.0963964
1120 0.0955357
1130 0.0946903
1140 0.0964912
1150 0.0956522
1160 0.0948276
1170 0.0940171
1180 0.0932203
1190 0.092437
1200 0.0925
1210 0.092562
1220 0.092623
1230 0.0943089
1240 0.0943548
1250 0.0944
1260 0.0936508
1270 0.0937008
1280 0.09375
1290 0.0937985
1300 0.0938462
1310 0.0938931
1320 0.094697
1330 0.0969925
1340 0.0962687
1350 0.0955556
1360 0.0948529
1370 0.0941606
1380 0.0949275
1390 0.0942446
1400 0.0935714
1410 0.0943262
1420 0.0943662
1430 0.0951049
1440 0.0958333
1450 0.0951724
1460 0.0945205
1470 0.0945578
1480 0.0952703
1490 0.0966443
1500 0.096
1510 0.0953642
1520 0.0953947
1530 0.0947712
1540 0.0948052
1550 0.0954839
1560 0.0948718
1570 0.0961783
1580 0.0955696
1590 0.0949685
1600 0.095625
1610 0.0962733
1620 0.095679
1630 0.095092
1640 0.0957317
1650 0.0951515
1660 0.0951807
1670 0.0952096
1680 0.0952381
1690 0.0952663
1700 0.0958824
1710 0.0959064
1720 0.0953488
1730 0.0953757
1740 0.0954023
1750 0.0954286
1760 0.0960227
1770 0.0960452
1780 0.0960674
1790 0.096648
1800 0.0961111
1810 0.0961326
1820 0.0961538
1830 0.0956284
1840 0.0951087
1850 0.0945946
1860 0.0946237
1870 0.0951872
1880 0.0957447
1890 0.0957672
1900 0.0952632
1910 0.0958115
1920 0.0953125
1930 0.0953368
1940 0.0948454
1950 0.0948718
1960 0.094898
1970 0.0954315
1980 0.0949495
1990 0.0944724
2000 0.0945
2010 0.0945274
2020 0.0945545
2030 0.0945813
2040 0.0946078
2050 0.0941463
2060 0.0936893
2070 0.0932367
2080 0.0932692
2090 0.0933014
2100 0.0928571
2110 0.092891
2120 0.0933962
2130 0.0934272
2140 0.0929907
2150 0.0930233
2160 0.0939815
2170 0.0935484
2180 0.0931193
2190 0.0926941
2200 0.0927273
2210 0.0923077
2220 0.0918919
2230 0.0914798
2240 0.0915179
2250 0.092
2260 0.0924779
2270 0.0920705
2280 0.0929825
2290 0.0943231
2300 0.093913
2310 0.0935065
2320 0.0931034
2330 0.0935622
2340 0.0935897
2350 0.0931915
2360 0.0936441
2370 0.0932489
2380 0.0928571
2390 0.0933054
2400 0.0941667
2410 0.0941909
2420 0.0942149
2430 0.0946502
2440 0.0942623
2450 0.0946939
2460 0.0943089
2470 0.094332
2480 0.0939516
2490 0.0943775
2500 0.094
2510 0.0940239
2520 0.0940476
2530 0.0936759
2540 0.0933071
2550 0.0937255
2560 0.0941406
2570 0.0941634
2580 0.094186
2590 0.0942085
2600 0.0942308
2610 0.0942529
2620 0.0946565
2630 0.095057
2640 0.0950758
2650 0.094717
2660 0.0947368
2670 0.094382
2680 0.0940299
2690 0.0947955
2700 0.0944444
2710 0.0940959
2720 0.0941176
2730 0.0937729
2740 0.0941606
2750 0.0938182
2760 0.0938406
2770 0.0938628
2780 0.0938849
2790 0.0939068
2800 0.0939286
2810 0.0935943
2820 0.0946809
2830 0.0946996
2840 0.0950704
2850 0.0954386
2860 0.0958042
2870 0.0961672
2880 0.0958333
2890 0.0958477
2900 0.0958621
2910 0.0958763
2920 0.0958904
2930 0.0959044
2940 0.0955782
2950 0.0955932
2960 0.0959459
2970 0.0959596
2980 0.0959732
2990 0.0956522
3000 0.0956667
3010 0.0953488
3020 0.0950331
3030 0.0950495
3040 0.0947368
3050 0.0944262
3060 0.0944444
3070 0.0944625
3080 0.0944805
3090 0.0941748
3100 0.093871
3110 0.0938907
3120 0.0942308
3130 0.0939297
3140 0.093949
3150 0.0939683
3160 0.0939873
3170 0.0940063
3180 0.0937107
3190 0.0937304
3200 0.09375
3210 0.0934579
3220 0.0934783
3230 0.0934985
3240 0.0938272
3250 0.0935385
3260 0.0935583
3270 0.093578
3280 0.0932927
3290 0.0930091
3300 0.0930303
3310 0.0927492
3320 0.0930723
3330 0.0927928
3340 0.092515
3350 0.0925373
3360 0.0922619
3370 0.0919881
3380 0.0920118
3390 0.0920354
3400 0.0917647
3410 0.0917889
3420 0.0915205
3430 0.0912536
3440 0.0912791
3450 0.0913043
3460 0.0916185
3470 0.0919308
3480 0.091954
3490 0.0916905
3500 0.0917143
3510 0.091453
3520 0.0911932
3530 0.0909348
3540 0.090678
3550 0.0907042
3560 0.0907303
3570 0.0904762
3580 0.0905028
3590 0.0902507
3600 0.0902778
3610 0.0900277
3620 0.0903315
3630 0.0900826
3640 0.0903846
3650 0.090411
3660 0.0904372
3670 0.0907357
3680 0.0907609
3690 0.0907859
3700 0.0905405
3710 0.0908356
3720 0.0913979
3730 0.0919571
3740 0.0917112
3750 0.092
3760 0.0917553
3770 0.0925729
3780 0.0928571
3790 0.092876
3800 0.093421
3810 0.0934383
3820 0.0939791
3830 0.0942559
3840 0.0942708
3850 0.094026
3860 0.0945596
3870 0.0943152
3880 0.0940722
3890 0.0938303
3900 0.0935897
3910 0.0936061
3920 0.0943878
3930 0.0946565
3940 0.0944162
3950 0.0946835
3960 0.0944444
3970 0.0952141
3980 0.0952261
3990 0.0954887
4000 0.0955
4010 0.0955112
4020 0.0955224
4030 0.0955335
4040 0.095297
4050 0.0953086
4060 0.0955665
4070 0.0960688
4080 0.0963235
4090 0.096577
4100 0.0963415
4110 0.0961071
4120 0.0958738
4130 0.0958838
4140 0.0961353
4150 0.0961446
4160 0.0959135
4170 0.0964029
4180 0.0964115
4190 0.09642
4200 0.0961905
4210 0.0961995
4220 0.0962085
4230 0.0966903
4240 0.0964623
4250 0.0964706
4260 0.0969484
4270 0.0971897
4280 0.0969626
4290 0.0967366
4300 0.0967442
4310 0.0965197
4320 0.0962963
4330 0.0963048
4340 0.0963134
4350 0.0967816
4360 0.0965596
4370 0.0965675
4380 0.0965753
4390 0.0965831
4400 0.0963636
4410 0.0963719
4420 0.0963801
4430 0.096614
4440 0.0963964
4450 0.0964045
4460 0.0964126
4470 0.0961969
4480 0.0959821
4490 0.0957684
4500 0.096
4510 0.0957871
4520 0.0957965
4530 0.095585
4540 0.095815
4550 0.0967033
4560 0.0964912
4570 0.0962801
4580 0.0960699
4590 0.0960784
4600 0.096087
4610 0.0960954
4620 0.0961039
4630 0.0965443
4640 0.0963362
4650 0.0963441
4660 0.0961373
4670 0.0961456
4680 0.0961538
4690 0.0959488
4700 0.0959574
4710 0.0957537
4720 0.0959746
4730 0.0957717
4740 0.0955696
4750 0.0957895
4760 0.0957983
4770 0.0955975
4780 0.0953975
4790 0.0954071
4800 0.0952083
4810 0.0950104
4820 0.0952282
4830 0.0950311
4840 0.0950413
4850 0.0950515
4860 0.094856
4870 0.0950719
4880 0.0952869
4890 0.0952965
4900 0.095102
4910 0.095112
4920 0.0953252
4930 0.0957404
4940 0.0955466
4950 0.0955556
4960 0.0953629
4970 0.0955734
4980 0.0955823
4990 0.0957916
5000 0.096
5010 0.096008
5020 0.0960159
5030 0.0962227
5040 0.0960317
5050 0.0960396
5060 0.0958498
5070 0.0960552
5080 0.096063
5090 0.0964637
5100 0.0964706
5110 0.0964775
5120 0.0962891
5130 0.0962963
5140 0.0966926
5150 0.096699
5160 0.0967054
5170 0.0965184
5180 0.096332
5190 0.0963391
5200 0.0961538
5210 0.0959693
5220 0.0957854
5230 0.0957935
5240 0.0958015
5250 0.095619
5260 0.0958175
5270 0.0958254
5280 0.0958333
5290 0.0958412
5300 0.0960377
5310 0.0958569
5320 0.0956767
5330 0.0956848
5340 0.0960674
5350 0.0960748
5360 0.0962687
5370 0.0962756
5380 0.0962825
5390 0.0961039
5400 0.0961111
5410 0.0959335
5420 0.0961255
5430 0.0959484
5440 0.0959559
5450 0.0963303
5460 0.0961538
5470 0.0963437
5480 0.0963504
5490 0.096357
5500 0.0969091
5510 0.0967332
5520 0.0967391
5530 0.0965642
5540 0.0963899
5550 0.0962162
5560 0.096223
5570 0.0960503
5580 0.0958781
5590 0.0957066
5600 0.0957143
5610 0.0960784
5620 0.0960854
5630 0.0960924
5640 0.0962766
5650 0.0962832
5660 0.0962898
5670 0.0964727
5680 0.0963028
5690 0.0961336
5700 0.0959649
5710 0.095972
5720 0.0963287
5730 0.0963351
5740 0.0961672
5750 0.0961739
5760 0.0960069
5770 0.0960139
5780 0.0960208
5790 0.0960276
5800 0.0960345
5810 0.0960413
5820 0.0958763
5830 0.0958834
5840 0.0958904
5850 0.0957265
5860 0.0957338
5870 0.0960818
5880 0.0959184
5890 0.0957555
5900 0.0961017
5910 0.0962775
5920 0.0961149
5930 0.0961214
5940 0.0959596
5950 0.0959664
5960 0.0958054
5970 0.0961474
5980 0.0961538
5990 0.0959933
6000 0.0958333
6010 0.0956739
6020 0.0956811
6030 0.0955224
6040 0.0958609
6050 0.0958678
6060 0.0958746
6070 0.0958814
6080 0.0960526
6090 0.0960591
6100 0.0960656
6110 0.0962357
6120 0.0962418
6130 0.096248
6140 0.0962541
6150 0.0960976
6160 0.0961039
6170 0.0959481
6180 0.0959547
6190 0.0957997
6200 0.0956452
6210 0.0954911
6220 0.0959807
6230 0.0961477
6240 0.0961538
6250 0.09616
6260 0.0961661
6270 0.0961723
6280 0.0960191
6290 0.0958665
6300 0.0957143
6310 0.0958796
6320 0.0957278
6330 0.0958926
6340 0.0958991
6350 0.096063
6360 0.0959119
6370 0.0957614
6380 0.0956113
6390 0.0954617
6400 0.0954688
6410 0.0953198
6420 0.0954829
6430 0.0958009
6440 0.0956522
6450 0.0955039
6460 0.095356
6470 0.0955178
6480 0.0955247
6490 0.0953775
6500 0.0953846
6510 0.0955453
6520 0.0955521
6530 0.0954058
6540 0.0954128
6550 0.0952672
6560 0.0951219
6570 0.0949772
6580 0.0948328
6590 0.0946889
6600 0.0948485
6610 0.094705
6620 0.094713
6630 0.094721
6640 0.0948795
6650 0.0948872
6660 0.0948949
6670 0.0947526
6680 0.0946108
6690 0.0947683
6700 0.0946269
6710 0.0944858
6720 0.094494
6730 0.0946508
6740 0.0946588
6750 0.0946667
6760 0.0945266
6770 0.094387
6780 0.0942478
6790 0.0942563
6800 0.0944118
6810 0.0942731
6820 0.0942815
6830 0.0942899
6840 0.0944444
6850 0.0947445
6860 0.0946064
6870 0.0944687
6880 0.0943314
6890 0.0941945
6900 0.094058
6910 0.0940666
6920 0.0940751
6930 0.094228
6940 0.0945245
6950 0.0945324
6960 0.0946839
6970 0.0946915
6980 0.0948424
6990 0.0949928
7000 0.095
7010 0.0948645
7020 0.0947293
7030 0.0945946
7040 0.0944602
7050 0.0946099
7060 0.0946176
7070 0.0944837
7080 0.0944915
7090 0.0944993
7100 0.0943662
7110 0.0942335
7120 0.0941011
7130 0.0941094
7140 0.0942577
7150 0.0945455
7160 0.0946927
7170 0.0947001
7180 0.0945682
7190 0.0944367
7200 0.0944444
7210 0.0944522
7220 0.0945983
7230 0.0946058
7240 0.0947514
7250 0.0947586
7260 0.0947658
7270 0.094773
7280 0.0946429
7290 0.0946502
7300 0.0945205
7310 0.0943912
7320 0.0943989
7330 0.0942701
7340 0.0941417
7350 0.0944218
7360 0.0942935
7370 0.0943012
7380 0.0943089
7390 0.0941813
7400 0.0940541
7410 0.0939271
7420 0.0939353
7430 0.0940781
7440 0.094086
7450 0.094094
7460 0.0939678
7470 0.093842
7480 0.093984
7490 0.093992
7500 0.0942667
7510 0.0941411
7520 0.0942819
7530 0.0942895
7540 0.0941645
7550 0.0940397
7560 0.0939153
7570 0.0937913
7580 0.0937995
7590 0.0936759
7600 0.0936842
7610 0.0938239
7620 0.0937008
7630 0.093709
7640 0.0937173
7650 0.0938562
7660 0.0938642
7670 0.0938722
7680 0.0938802
7690 0.0938882
7700 0.0937662
7710 0.0940337
7720 0.0940415
7730 0.0940492
7740 0.0944444
7750 0.0943226
7760 0.094201
7770 0.0943372
7780 0.0942159
7790 0.0942234
7800 0.0942308
7810 0.0942382
7820 0.0942455
7830 0.0942529
7840 0.0942602
7850 0.0942675
7860 0.0942748
7870 0.0942821
7880 0.0942893
7890 0.0941698
7900 0.0940506
7910 0.094311
7920 0.0944444
7930 0.0944514
7940 0.0944584
7950 0.0945912
7960 0.094598
7970 0.0946048
7980 0.0946115
7990 0.0946183
8000 0.0945
8010 0.0945069
8020 0.0946384
8030 0.0945205
8040 0.094403
8050 0.0945342
8060 0.0945409
8070 0.0945477
8080 0.0945545
8090 0.0945612
8100 0.0948148
8110 0.0949445
8120 0.0949507
8130 0.095203
8140 0.0953317
8150 0.0952147
8160 0.0952206
8170 0.0953488
8180 0.0952323
8190 0.0953602
8200 0.0953659
8210 0.0952497
8220 0.0953771
8230 0.0953827
8240 0.0953884
8250 0.0956364
8260 0.0956416
8270 0.095526
8280 0.0956522
8290 0.0955368
8300 0.0954217
8310 0.0955475
8320 0.0956731
8330 0.0956783
8340 0.0958034
8350 0.0956886
8360 0.0955742
8370 0.0959379
8380 0.0959427
8390 0.0959476
8400 0.0960714
8410 0.0960761
8420 0.095962
8430 0.0959668
8440 0.0962085
8450 0.0960947
8460 0.0959811
8470 0.0958678
8480 0.0957547
8490 0.0956419
8500 0.0955294
8510 0.0955347
8520 0.0955399
8530 0.0955451
8540 0.0954333
8550 0.0953216
8560 0.0952103
8570 0.0950992
8580 0.0951049
8590 0.0951106
8600 0.095
8610 0.0950058
8620 0.0948956
8630 0.0947856
8640 0.0946759
8650 0.0946821
8660 0.0946882
8670 0.094579
8680 0.0945853
8690 0.0944764
8700 0.0944828
8710 0.0943743
8720 0.0943807
8730 0.0946163
8740 0.0946224
8750 0.0945143
8760 0.0945205
8770 0.0944128
8780 0.0943052
8790 0.0943117
8800 0.0945455
8810 0.0946652
8820 0.0947846
8830 0.0946772
8840 0.0945701
8850 0.0946893
8860 0.0948081
8870 0.094814
8880 0.0947072
8890 0.0947132
8900 0.0949438
8910 0.0948373
8920 0.0949552
8930 0.0948488
8940 0.0949664
8950 0.0948603
8960 0.0948661
8970 0.0952062
8980 0.0953229
8990 0.0953281
9000 0.0952222
9010 0.0953385
9020 0.0953437
9030 0.0954596
9040 0.0954646
9050 0.0954696
9060 0.095585
9070 0.0955899
9080 0.0957048
9090 0.0959296
9100 0.0959341
9110 0.0958288
9120 0.095943
9130 0.0959474
9140 0.0959519
9150 0.0959563
9160 0.0958515
9170 0.0959651
9180 0.0960784
9190 0.0959739
9200 0.0958696
9210 0.0959826
9220 0.095987
9230 0.0959913
9240 0.0961039
9250 0.0961081
9260 0.0961123
9270 0.0961165
9280 0.0960129
9290 0.0962325
9300 0.096129
9310 0.0960258
9320 0.0961373
9330 0.0962487
9340 0.0961456
9350 0.0960428
9360 0.0959402
9370 0.0960512
9380 0.0960554
9390 0.0959531
9400 0.0958511
9410 0.0957492
9420 0.0957537
9430 0.0956522
9440 0.0956568
9450 0.0956614
9460 0.0955603
9470 0.0956705
9480 0.0955696
9490 0.095785
9500 0.0957895
9510 0.0957939
9520 0.0957983
9530 0.0958027
9540 0.0958071
9550 0.0957068
9560 0.0956067
9570 0.0955068
9580 0.0956159
9590 0.0956204
9600 0.0955208
9610 0.0954214
9620 0.0955301
9630 0.0954309
9640 0.0954357
9650 0.0954404
9660 0.0953416
9670 0.0953464
9680 0.0953512
9690 0.0954592
9700 0.0954639
9710 0.0953656
9720 0.0952675
9730 0.0951696
9740 0.0951745
9750 0.0950769
9760 0.0949795
9770 0.0948823
9780 0.0947853
9790 0.0947906
9800 0.0947959
9810 0.0948012
9820 0.0949083
9830 0.0949135
9840 0.0949187
9850 0.0949239
9860 0.0948276
9870 0.0947315
9880 0.0947368
9890 0.0946411
9900 0.0947475
9910 0.0947528
9920 0.0946573
9930 0.0947633
9940 0.094668
9950 0.0945729
9960 0.0944779
9970 0.0943832
9980 0.0942886
9990 0.0942943
