10 0.369
11 0.3383
12 0.3065
13 0.2749
14 0.2622
15 0.2493
16 0.2376
17 0.2242
18 0.2096
19 0.1997
20 0.1877
21 0.1782
22 0.1684
23 0.1999
24 0.1908
25 0.1889
26 0.1828
27 0.1785
28 0.1689
29 0.1651
30 0.1563
31 0.1502
32 0.1489
33 0.1456
34 0.1447
35 0.1375
36 0.1387
37 0.1355
38 0.1301
39 0.1273
40 0.1232
41 0.1177
42 0.1147
43 0.1158
44 0.1148
45 0.1091
46 0.105
47 0.1021
48 0.1216
49 0.1215
50 0.117
51 0.1122
52 0.114
53 0.1123
54 0.1095
55 0.1037
56 0.1052
57 0.1212
58 0.1178
59 0.1139
60 0.13
61 0.1257
62 0.1248
63 0.1202
64 0.1201
65 0.1269
66 0.1185
67 0.1192
68 0.1168
69 0.1134
70 0.1103
71 0.1101
72 0.1077
73 0.1044
74 0.1017
75 0.1002
76 0.1022
77 0.1021
78 0.1012
79 0.0992
80 0.0949
81 0.1002
82 0.0991
83 0.1002
84 0.0978
85 0.0955
86 0.0917
87 0.0903
88 0.0902
89 0.089
90 0.1026
91 0.0993
92 0.0988
93 0.0968
94 0.091
95 0.0925
96 0.0897
97 0.0908
98 0.0916
99 0.0987
100 0.0942
101 0.0956
102 0.0962
103 0.0949
104 0.0938
105 0.0924
106 0.0874
107 0.0901
108 0.0902
109 0.0891
110 0.089
111 0.0873
112 0.0866
113 0.0846
114 0.0834
115 0.087
116 0.0873
117 0.0838
118 0.0815
119 0.0798
120 0.0804
121 0.0827
122 0.0822
123 0.0812
124 0.0773
125 0.0765
126 0.075
127 0.0777
128 0.0758
129 0.075
130 0.0714
131 0.074
132 0.075
133 0.0755
134 0.0731
135 0.0738
136 0.0736
137 0.0717
138 0.0731
139 0.0699
140 0.0685
141 0.0674
142 0.0666
143 0.0667
144 0.0671
145 0.0675
146 0.0657
147 0.0653
148 0.0647
149 0.0631
150 0.062
151 0.0632
152 0.0636
153 0.0627
154 0.0582
155 0.06
156 0.0619
157 0.0624
158 0.0617
159 0.0599
160 0.0583
161 0.0598
162 0.0615
163 0.0611
164 0.058
165 0.0576
166 0.0578
167 0.0567
168 0.057
169 0.057
170 0.0553
171 0.056
172 0.057
173 0.0568
174 0.0567
175 0.0565
176 0.0561
177 0.0542
178 0.0537
179 0.0533
180 0.0548
181 0.0532
182 0.0556
183 0.055
184 0.0551
185 0.0539
186 0.0548
187 0.0552
188 0.0547
189 0.055
190 0.055
191 0.0566
192 0.057
193 0.0527
194 0.0516
195 0.0504
196 0.0493
197 0.0498
198 0.0516
199 0.0484
200 0.0472
201 0.0507
202 0.051
203 0.0479
204 0.048
205 0.048
206 0.0466
207 0.0475
208 0.0495
209 0.0481
210 0.0462
211 0.0456
212 0.0449
213 0.0448
214 0.0457
215 0.0471
216 0.0459
217 0.0462
218 0.0448
219 0.0435
220 0.0435
221 0.045
222 0.0463
223 0.0435
224 0.044
225 0.0437
226 0.0433
227 0.0438
228 0.0457
229 0.0461
230 0.0464
231 0.0452
232 0.0445
233 0.0436
234 0.0438
235 0.0448
236 0.0416
237 0.0433
238 0.0429
239 0.0427
240 0.0407
241 0.0398
242 0.04
243 0.0403
244 0.0379
245 0.0369
246 0.0382
247 0.0395
248 0.0395
249 0.0397
250 0.0402
251 0.0403
252 0.04
253 0.0406
254 0.0404
255 0.0381
256 0.0389
257 0.0396
258 0.0383
259 0.0369
260 0.0358
261 0.0347
262 0.0354
263 0.0358
264 0.0359
265 0.0378
266 0.0377
267 0.0375
268 0.0341
269 0.0351
270 0.0356
271 0.0371
272 0.0379
273 0.0394
274 0.0386
275 0.0387
276 0.0373
277 0.036
278 0.0351
279 0.0354
280 0.034
281 0.0334
282 0.034
283 0.0341
284 0.0336
285 0.0337
286 0.0348
287 0.0344
288 0.034
289 0.0335
290 0.035
291 0.0358
292 0.0358
293 0.0358
294 0.034
295 0.0336
296 0.0352
297 0.0339
298 0.034
299 0.0346
300 0.0359
301 0.0368
302 0.0366
303 0.0369
304 0.0364
305 0.0357
306 0.033
307 0.032
308 0.0327
309 0.0337
310 0.0336
311 0.0335
312 0.0343
313 0.0343
314 0.034
315 0.0345
316 0.0334
317 0.0342
318 0.0326
319 0.0331
320 0.0332
321 0.0334
322 0.0323
323 0.033
324 0.0339
325 0.0332
326 0.0326
327 0.0302
328 0.0297
329 0.0298
330 0.0306
331 0.0304
332 0.0294
333 0.0311
334 0.0313
335 0.0319
336 0.0314
337 0.03
338 0.0303
339 0.0294
340 0.0314
341 0.0312
342 0.0315
343 0.0305
344 0.0318
345 0.031
346 0.0303
347 0.0297
348 0.0298
349 0.0296
350 0.0291
351 0.0292
352 0.0291
353 0.028
354 0.0283
355 0.0288
356 0.0299
357 0.0296
358 0.0278
359 0.0276
360 0.0273
361 0.0284
362 0.0282
363 0.028
364 0.027
365 0.0264
366 0.0264
367 0.0267
368 0.0267
369 0.0272
370 0.0272
371 0.027
372 0.0265
373 0.0256
374 0.0254
375 0.0247
376 0.0255
377 0.0254
378 0.0266
379 0.0266
380 0.0258
381 0.0265
382 0.0243
383 0.0248
384 0.0255
385 0.0251
386 0.0252
387 0.0255
388 0.0252
389 0.0255
390 0.0268
391 0.0273
392 0.0274
393 0.026
394 0.0254
395 0.0242
396 0.0255
397 0.0249
398 0.0257
399 0.0248
400 0.0236
401 0.0227
402 0.0214
403 0.021
404 0.0206
405 0.0207
406 0.0221
407 0.0229
408 0.0215
409 0.0225
410 0.0224
411 0.0222
412 0.0226
413 0.0226
414 0.024
415 0.0249
416 0.0253
417 0.0253
418 0.0248
419 0.025
420 0.0234
421 0.0225
422 0.0229
423 0.0219
424 0.0218
425 0.0221
426 0.022
427 0.0224
428 0.0217
429 0.0222
430 0.0223
431 0.0226
432 0.023
433 0.0231
434 0.0236
435 0.0241
436 0.024
437 0.0238
438 0.0236
439 0.0228
440 0.0227
441 0.022
442 0.0218
443 0.0208
444 0.022
445 0.022
446 0.0228
447 0.0234
448 0.0239
449 0.0239
450 0.0236
451 0.0234
452 0.0222
453 0.0219
454 0.0218
455 0.0218
456 0.0213
457 0.0204
458 0.022
459 0.022
460 0.0221
461 0.0213
462 0.0211
463 0.0202
464 0.0204
465 0.0212
466 0.0211
467 0.021
468 0.0215
469 0.0207
470 0.0214
471 0.0214
472 0.022
473 0.0214
474 0.0215
475 0.0217
476 0.0215
477 0.0219
478 0.0221
479 0.0228
480 0.0223
481 0.0214
482 0.0209
483 0.0203
484 0.0194
485 0.0202
486 0.0196
487 0.0191
488 0.0191
489 0.0194
490 0.0187
491 0.0198
492 0.0201
493 0.0202
494 0.0195
495 0.0195
496 0.0193
497 0.0196
498 0.0195
499 0.0193
500 0.0186
501 0.0182
502 0.0184
503 0.0172
504 0.0178
505 0.0172
506 0.0177
507 0.018
508 0.0187
509 0.0187
510 0.0189
511 0.0183
512 0.018
513 0.0172
514 0.0169
515 0.0169
516 0.0177
517 0.0175
518 0.0179
519 0.017
520 0.0166
521 0.0165
522 0.0167
523 0.0176
524 0.0179
525 0.0171
526 0.018
527 0.0182
528 0.0184
529 0.0186
530 0.0192
531 0.0195
532 0.0187
533 0.0194
534 0.0192
535 0.0187
536 0.0193
537 0.0193
538 0.019
539 0.0188
540 0.0175
541 0.0179
542 0.0172
543 0.0167
544 0.0171
545 0.0173
546 0.0175
547 0.0178
548 0.0182
549 0.0183
550 0.0177
551 0.0179
552 0.0178
553 0.0173
554 0.0171
555 0.0166
556 0.0171
557 0.0175
558 0.0183
559 0.0193
560 0.0194
561 0.0201
562 0.0205
563 0.0202
564 0.0202
565 0.0203
566 0.0206
567 0.0209
568 0.0199
569 0.0191
570 0.0178
571 0.0172
572 0.0162
573 0.0156
574 0.0165
575 0.0165
576 0.0169
577 0.0166
578 0.0167
579 0.0166
580 0.0171
581 0.0175
582 0.0178
583 0.0186
584 0.0181
585 0.0176
586 0.0179
587 0.0179
588 0.0177
589 0.0172
590 0.0176
591 0.0182
592 0.0187
593 0.0175
594 0.0174
595 0.0177
596 0.0175
597 0.0181
598 0.018
599 0.0181
600 0.0185
601 0.0183
602 0.0183
603 0.0176
604 0.0176
605 0.018
606 0.017
607 0.0169
608 0.0164
609 0.0165
610 0.0157
611 0.0164
612 0.016
613 0.0164
614 0.0165
615 0.0163
616 0.0163
617 0.0161
618 0.0162
619 0.0166
620 0.0173
621 0.0173
622 0.0172
623 0.0169
624 0.0166
625 0.0166
626 0.0165
627 0.0161
628 0.0166
629 0.0163
630 0.0165
631 0.0159
632 0.0163
633 0.0158
634 0.0156
635 0.0158
636 0.016
637 0.0161
638 0.0162
639 0.0156
640 0.0159
641 0.0166
642 0.0164
643 0.0164
644 0.0161
645 0.0166
646 0.0167
647 0.0164
648 0.0152
649 0.0156
650 0.0154
651 0.0146
652 0.0144
653 0.0137
654 0.0139
655 0.0144
656 0.0138
657 0.014
658 0.0138
659 0.0141
660 0.0145
661 0.0144
662 0.0144
663 0.0141
664 0.0141
665 0.0143
666 0.014
667 0.0135
668 0.0133
669 0.014
670 0.0139
671 0.0134
672 0.0134
673 0.0139
674 0.0144
675 0.0146
676 0.0143
677 0.0145
678 0.0154
679 0.0151
680 0.0149
681 0.0153
682 0.0143
683 0.0143
684 0.0149
685 0.0142
686 0.0142
687 0.0143
688 0.0139
689 0.0144
690 0.0155
691 0.0149
692 0.0147
693 0.0144
694 0.015
695 0.015
696 0.0146
697 0.014
698 0.014
699 0.0138
700 0.0144
701 0.0141
702 0.0139
703 0.0141
704 0.0141
705 0.0145
706 0.0143
707 0.014
708 0.0148
709 0.0142
710 0.0153
711 0.0155
712 0.0153
713 0.0147
714 0.0149
715 0.0153
716 0.0151
717 0.015
718 0.0146
719 0.0145
720 0.0145
721 0.0141
722 0.0141
723 0.0142
724 0.0136
725 0.0138
726 0.0131
727 0.0134
728 0.0138
729 0.0144
730 0.0148
731 0.0143
732 0.0145
733 0.0145
734 0.0146
735 0.0147
736 0.0149
737 0.0153
738 0.0147
739 0.0141
740 0.0141
741 0.0136
742 0.0139
743 0.014
744 0.0135
745 0.0139
746 0.014
747 0.0137
748 0.0134
749 0.0131
750 0.0135
751 0.014
752 0.0144
753 0.0141
754 0.0142
755 0.0139
756 0.0145
757 0.0136
758 0.0138
759 0.0138
760 0.0133
761 0.0136
762 0.0131
763 0.0138
764 0.0143
765 0.0135
766 0.0136
767 0.0131
768 0.0134
769 0.0132
770 0.0133
771 0.0126
772 0.0126
773 0.0126
774 0.0127
775 0.0135
776 0.0133
777 0.0136
778 0.0139
779 0.0138
780 0.0135
781 0.0135
782 0.0133
783 0.0131
784 0.0133
785 0.0134
786 0.0131
787 0.0128
788 0.0128
789 0.013
790 0.013
791 0.013
792 0.0127
793 0.0128
794 0.013
795 0.0134
796 0.0136
797 0.014
798 0.0134
799 0.0128
800 0.0129
801 0.0128
802 0.0118
803 0.0115
804 0.0118
805 0.0119
806 0.0116
807 0.0118
808 0.0121
809 0.0121
810 0.012
811 0.0121
812 0.012
813 0.0121
814 0.0123
815 0.0126
816 0.0124
817 0.0128
818 0.0128
819 0.0127
820 0.0124
821 0.0128
822 0.0127
823 0.0127
824 0.0125
825 0.0122
826 0.0126
827 0.0121
828 0.0121
829 0.0126
830 0.0122
831 0.0121
832 0.0117
833 0.0116
834 0.0115
835 0.0112
836 0.011
837 0.0115
838 0.0122
839 0.0129
840 0.0128
841 0.0131
842 0.0132
843 0.0127
844 0.0124
845 0.0124
846 0.0121
847 0.0115
848 0.0111
849 0.0106
850 0.0102
851 0.0102
852 0.0101
853 0.0101
854 0.0101
855 0.0103
856 0.0104
857 0.0105
858 0.0104
859 0.01
860 0.0102
861 0.0102
862 0.0109
863 0.0108
864 0.0103
865 0.0105
866 0.0106
867 0.0108
868 0.011
869 0.0112
870 0.0114
871 0.0112
872 0.0112
873 0.0117
874 0.0118
875 0.0119
876 0.0119
877 0.0116
878 0.0114
879 0.0111
880 0.0109
881 0.0105
882 0.0104
883 0.0102
884 0.0103
885 0.0105
886 0.0105
887 0.0103
888 0.0109
889 0.011
890 0.011
891 0.0106
892 0.0103
893 0.0106
894 0.0102
895 0.0102
896 0.0103
897 0.0104
898 0.0109
899 0.0103
900 0.0103
901 0.0107
902 0.0106
903 0.0105
904 0.0101
905 0.0101
906 0.0099
907 0.0101
908 0.0097
909 0.0093
910 0.0089
911 0.0086
912 0.0083
913 0.0084
914 0.0084
915 0.0085
916 0.0088
917 0.0085
918 0.0091
919 0.0091
920 0.0094
921 0.0097
922 0.0101
923 0.0098
924 0.0101
925 0.0106
926 0.0105
927 0.0102
928 0.0108
929 0.0107
930 0.0109
931 0.0103
932 0.0098
933 0.0097
934 0.0095
935 0.0093
936 0.0094
937 0.0094
938 0.0091
939 0.009
940 0.0088
941 0.0089
942 0.009
943 0.0095
944 0.0096
945 0.0095
946 0.01
947 0.0098
948 0.0104
949 0.0104
950 0.0102
951 0.0098
952 0.0097
953 0.0095
954 0.0097
955 0.0099
956 0.0097
957 0.01
958 0.01
959 0.0098
960 0.0097
961 0.0096
962 0.0098
963 0.0095
964 0.0094
965 0.0094
966 0.009
967 0.0091
968 0.0089
969 0.0087
970 0.0091
971 0.0087
972 0.0086
973 0.0087
974 0.0087
975 0.0091
976 0.009
977 0.0094
978 0.0098
979 0.0101
980 0.0096
981 0.0097
982 0.0101
983 0.0098
984 0.0099
985 0.0102
986 0.0103
987 0.0102
988 0.0098
989 0.0099
990 0.0099
991 0.0104
992 0.0106
993 0.0102
994 0.0107
995 0.0109
996 0.0107
997 0.0107
998 0.0104
999 0.0104
